0000
0500
0000
0438
0000
042c
0000
0402
0000
0452
0000
04a8
0000
047c
0000
02c8
0000
01bc
0000
0270
0000
025a
0000
0272
0000
025c
0000
02b2
0000
02d2
0000
031c
0000
0332
0000
032e
0000
0302
0000
031a
0000
0324
0000
033a
0000
033a
0000
0332
0000
0352
0000
0346
0000
0330
0000
0338
0000
0326
0000
033a
0000
0336
0000
0348
0000
032e
0000
032a
0000
0318
0000
0316
0000
030c
0000
02fc
0000
02d8
0000
023a
0000
033c
0000
0412
0000
0416
0000
03ec
0000
0412
0000
0410
0000
03fc
0000
040e
0000
042c
0000
0422
0000
0584
0000
06da
0000
05f4
0000
0226
0000
02ee
0000
0304
0000
02d8
0000
02f8
0000
02f4
0000
02f6
0000
0304
0000
02d8
0000
0328
0000
067a
0424
0000
0426
0000
03f8
0000
03fa
0000
0418
0000
0490
0000
0474
0000
038c
0000
0220
0000
022c
0000
024a
0000
0250
0000
0252
0000
0288
0000
02c4
0000
02e0
0000
0310
0000
0322
0000
031e
0000
0310
0000
031a
0000
032a
0000
0322
0000
0326
0000
0326
0000
0322
0000
0344
0000
0318
0000
032a
0000
0312
0000
0330
0000
031a
0000
033a
0000
0308
0000
0318
0000
0316
0000
030c
0000
0306
0000
02e6
0000
02ac
0000
0268
0000
0374
0000
0438
0000
03fe
0000
03f8
0000
0412
0000
03ea
0000
0408
0000
03fa
0000
0430
0000
03e6
0000
0612
0000
0616
0000
02de
0000
029c
0000
02e4
0000
02f6
0000
02e8
0000
02ee
0000
02f2
0000
0302
0000
02f4
0000
02e2
0000
02e4
0000
0000
0420
0000
0415
0000
0408
0000
040e
0000
046e
0000
04aa
0000
043a
0000
0296
0000
01ee
0000
023e
0000
0258
0000
0242
0000
0242
0000
02a2
0000
02e0
0000
02ec
0000
030b
0000
0312
0000
0316
0000
0316
0000
0325
0000
032c
0000
031c
0000
0320
0000
0318
0000
0318
0000
0310
0000
0314
0000
0316
0000
030e
0000
032e
0000
031c
0000
0317
0000
0318
0000
030e
0000
030c
0000
030a
0000
02f8
0000
02c8
0000
0286
0000
02bc
0000
03d4
0000
0446
0000
040c
0000
041a
0000
041a
0000
040a
0000
040a
0000
0406
0000
0404
0000
04cc
0000
0682
0000
0616
0000
024c
0000
02bc
0000
02dc
0000
02e6
0000
02e4
0000
02e4
0000
02ea
0000
02fe
0000
0342
0000
0260
0000
01c0
0408
0000
040c
0000
0416
0000
03f8
0000
0442
0000
0494
0000
0468
0000
033c
0000
01d0
0000
0208
0000
023c
0000
0246
0000
022c
0000
0284
0000
02be
0000
02f0
0000
02ec
0000
0304
0000
031c
0000
0315
0000
0322
0000
0324
0000
0322
0000
0332
0000
030d
0000
031f
0000
0322
0000
0313
0000
0318
0000
0300
0000
0330
0000
0328
0000
0314
0000
0324
0000
0302
0000
02f4
0000
030a
0000
0304
0000
02fa
0000
0292
0000
0268
0000
0316
0000
03f6
0000
043a
0000
043e
0000
0444
0000
0414
0000
0410
0000
03fe
0000
0400
0000
03fe
0000
052e
0000
06ba
0000
053e
0000
0264
0000
02ca
0000
02d8
0000
02dc
0000
02f4
0000
02e4
0000
02ea
0000
0338
0000
021c
0000
0110
0000
0000
040c
0000
0416
0000
0412
0000
0422
0000
047e
0000
0480
0000
03fa
0000
02a8
0000
01e2
0000
0230
0000
024a
0000
0232
0000
0236
0000
02a0
0000
02cc
0000
02ea
0000
0300
0000
030a
0000
0318
0000
0316
0000
0321
0000
0322
0000
0326
0000
0316
0000
031a
0000
031c
0000
032a
0000
0316
0000
0312
0000
031e
0000
0344
0000
031a
0000
031e
0000
030b
0000
02fc
0000
0302
0000
0304
0000
030e
0000
02e6
0000
029e
0000
0238
0000
0370
0000
0428
0000
044e
0000
0448
0000
0446
0000
041b
0000
040c
0000
03f6
0000
03f8
0000
03da
0000
05e2
0000
06b6
0000
0474
0000
0276
0000
02d4
0000
02e8
0000
02de
0000
02f6
0000
0308
0000
038c
0000
021e
0000
002c
0000
00bc
0408
0000
041c
0000
0424
0000
0410
0000
0478
0000
0462
0000
0456
0000
0390
0000
01dc
0000
01f0
0000
023c
0000
0228
0000
0226
0000
0276
0000
02bc
0000
02d8
0000
030c
0000
02fe
0000
031c
0000
0312
0000
0314
0000
031a
0000
0318
0000
0308
0000
031e
0000
0300
0000
0316
0000
0310
0000
031a
0000
02f8
0000
0328
0000
033d
0000
031e
0000
0308
0000
0304
0000
02ee
0000
02f2
0000
02f4
0000
02f2
0000
02d4
0000
0276
0000
028a
0000
03c0
0000
045a
0000
043a
0000
0450
0000
0428
0000
0412
0000
03fa
0000
03f0
0000
03f2
0000
03d4
0000
065e
0000
06ca
0000
0358
0000
029e
0000
02ca
0000
02e2
0000
02e4
0000
032c
0000
0360
0000
0214
0000
00ca
0000
00c4
0000
0000
0418
0000
042c
0000
041c
0000
046e
0000
0468
0000
043a
0000
040e
0000
02a8
0000
01c6
0000
0226
0000
023e
0000
022c
0000
024c
0000
0288
0000
02ce
0000
02e6
0000
0302
0000
0307
0000
02fe
0000
0301
0000
0302
0000
031c
0000
0306
0000
0310
0000
031a
0000
02e2
0000
02e4
0000
02ee
0000
02f2
0000
02f6
0000
0308
0000
0323
0000
031e
0000
02fc
0000
02f6
0000
02e8
0000
02fa
0000
02fe
0000
02e0
0000
029c
0000
0252
0000
0324
0000
0408
0000
0456
0000
0444
0000
0442
0000
041e
0000
040e
0000
03fe
0000
03fc
0000
03e4
0000
0432
0000
0684
0000
06ac
0000
0292
0000
02b4
0000
02e4
0000
02d8
0000
02f4
0000
0392
0000
0258
0000
0024
0000
0098
0000
00f6
040e
0000
0424
0000
0432
0000
046c
0000
0498
0000
043e
0000
0440
0000
035e
0000
01d2
0000
0200
0000
0240
0000
0240
0000
0244
0000
0256
0000
02b2
0000
02dd
0000
02ec
0000
02fe
0000
02f8
0000
0312
0000
0306
0000
0309
0000
0300
0000
02fa
0000
033c
0000
02ec
0000
02b4
0000
02d6
0000
02fc
0000
02de
0000
02ef
0000
0314
0000
031e
0000
02fc
0000
0302
0000
02ec
0000
02ee
0000
02f8
0000
02ee
0000
02c1
0000
026c
0000
02be
0000
0390
0000
042a
0000
0442
0000
0438
0000
041c
0000
0416
0000
0414
0000
0422
0000
03f4
0000
03d6
0000
04b2
0000
06ba
0000
061e
0000
0270
0000
02be
0000
02e6
0000
02e6
0000
033e
0000
01ce
0000
008c
0000
00b4
0000
00b2
0000
0000
042e
0000
043c
0000
0465
0000
0496
0000
0456
0000
042c
0000
0416
0000
028e
0000
01c2
0000
022a
0000
0244
0000
0238
0000
0244
0000
0298
0000
02cc
0000
02e8
0000
0300
0000
02f4
0000
02f6
0000
02fd
0000
0300
0000
0304
0000
02fe
0000
0305
0000
0304
0000
02ca
0000
02b8
0000
02ee
0000
02e2
0000
02e0
0000
0308
0000
031a
0000
0314
0000
0306
0000
02f8
0000
02e0
0000
02ea
0000
02fa
0000
02c8
0000
02aa
0000
0260
0000
0318
0000
03de
0000
042a
0000
0428
0000
042c
0000
0428
0000
0408
0000
0414
0000
040a
0000
03f4
0000
03ac
0000
0578
0000
06c0
0000
0582
0000
0248
0000
02c2
0000
02ee
0000
036b
0000
021c
0000
0004
0000
00de
0000
00da
0000
00e2
0440
0000
0436
0000
0474
0000
0482
0000
0454
0000
0436
0000
0440
0000
035e
0000
01b2
0000
0202
0000
022c
0000
022a
0000
0228
0000
0268
0000
02b2
0000
02c8
0000
02dc
0000
02fe
0000
02e0
0000
02e0
0000
02fa
0000
02ee
0000
02fa
0000
0300
0000
02f4
0000
02de
0000
02c8
0000
02d8
0000
02c6
0000
02be
0000
02e0
0000
0308
0000
0326
0000
02f8
0000
02f4
0000
02e7
0000
02dc
0000
02d8
0000
02e0
0000
02b6
0000
0284
0000
0288
0000
0362
0000
03ea
0000
041a
0000
0422
0000
0416
0000
040e
0000
0408
0000
0410
0000
03ee
0000
03da
0000
0388
0000
062e
0000
0714
0000
0448
0000
027c
0000
02c2
0000
033e
0000
01d0
0000
0082
0000
0106
0000
00de
0000
00be
0000
0000
0444
0000
045e
0000
0470
0000
0440
0000
0434
0000
0436
0000
0404
0000
027c
0000
01b2
0000
0220
0000
0242
0000
022c
0000
021e
0000
0286
0000
02b2
0000
02c0
0000
02e2
0000
02d2
0000
02e6
0000
02ea
0000
02ee
0000
02ec
0000
02f6
0000
02f6
0000
02ee
0000
02e8
0000
02d8
0000
02ba
0000
02b4
0000
02a0
0000
02dc
0000
0304
0000
0306
0000
02ee
0000
02e6
0000
02e5
0000
02e6
0000
02f2
0000
02c8
0000
0290
0000
025a
0000
02ea
0000
03a4
0000
03ea
0000
040a
0000
0418
0000
03fe
0000
0400
0000
0406
0000
03f2
0000
03c2
0000
03a4
0000
03d4
0000
0684
0000
06d6
0000
031c
0000
0278
0000
032e
0000
022e
0000
0000
0000
00d2
0000
00fe
0000
00bc
0000
0092
044a
0000
0446
0000
048a
0000
03f2
0000
0404
0000
0438
0000
0450
0000
036e
0000
01c4
0000
01f2
0000
022a
0000
0240
0000
0226
0000
0266
0000
02ae
0000
02ca
0000
02dc
0000
02ea
0000
02e8
0000
02f8
0000
02f4
0000
02ec
0000
0308
0000
02ce
0000
02f6
0000
02be
0000
0322
0000
03ac
0000
048c
0000
044a
0000
0350
0000
0294
0000
02e0
0000
02dc
0000
02fe
0000
02fc
0000
02ec
0000
02e4
0000
02cc
0000
02ae
0000
028c
0000
027e
0000
034a
0000
03b0
0000
03ea
0000
040d
0000
03fa
0000
03f6
0000
03fa
0000
03da
0000
03bc
0000
03a8
0000
038a
0000
0462
0000
06c6
0000
06b8
0000
029e
0000
02ca
0000
01d0
0000
008c
0000
00c2
0000
010a
0000
00c1
0000
009c
0000
0000
0440
0000
0490
0000
040a
0000
03aa
0000
044e
0000
043c
0000
0410
0000
027c
0000
01b8
0000
021c
0000
0230
0000
0226
0000
0256
0000
0296
0000
02be
0000
02e2
0000
02e4
0000
02e8
0000
02f6
0000
02fa
0000
02ee
0000
02fe
0000
0304
0000
0314
0000
0384
0000
03c4
0000
0446
0000
04f2
0000
053a
0000
055c
0000
04f8
0000
0364
0000
02c4
0000
02ee
0000
0302
0000
02f2
0000
02f0
0000
02de
0000
02c0
0000
0292
0000
024e
0000
02d4
0000
0396
0000
03a6
0000
03ee
0000
03fc
0000
03ec
0000
03fa
0000
03e8
0000
03ac
0000
038b
0000
0392
0000
037e
0000
0510
0000
06c2
0000
0656
0000
0290
0000
020a
0000
0006
0000
00aa
0000
00ec
0000
00e0
0000
00aa
0000
00a8
0432
0000
0478
0000
0426
0000
0322
0000
03ea
0000
0468
0000
0460
0000
0362
0000
0196
0000
01e2
0000
021a
0000
0222
0000
0234
0000
0270
0000
029e
0000
02c2
0000
02e1
0000
02d4
0000
02f0
0000
02f4
0000
02e2
0000
02ea
0000
02c6
0000
032c
0000
040c
0000
03e2
0000
043c
0000
04c4
0000
052c
0000
0518
0000
0522
0000
05a2
0000
0526
0000
02b2
0000
02ce
0000
02f4
0000
02f0
0000
02d0
0000
02b8
0000
029e
0000
0270
0000
0272
0000
0352
0000
03a6
0000
03b8
0000
03f8
0000
03f2
0000
03da
0000
03c4
0000
03a0
0000
038e
0000
0372
0000
0380
0000
037e
0000
059a
0000
070c
0000
0556
0000
01d0
0000
0078
0000
00b0
0000
00f4
0000
00b0
0000
00ca
0000
009e
0000
0000
0472
0000
0454
0000
0316
0000
0344
0000
046a
0000
0460
0000
0412
0000
0270
0000
01a4
0000
020a
0000
0214
0000
0226
0000
0238
0000
028a
0000
02ba
0000
02c8
0000
02d6
0000
02e4
0000
02e6
0000
02e0
0000
02fe
0000
0376
0000
02c0
0000
0378
0000
03ca
0000
03e0
0000
0422
0000
0490
0000
04f6
0000
051a
0000
0570
0000
05b0
0000
05b4
0000
0370
0000
02ce
0000
02e0
0000
02d2
0000
02ce
0000
0298
0000
0276
0000
023a
0000
02dc
0000
039c
0000
03a6
0000
03c2
0000
03ea
0000
03da
0000
03ae
0000
03a6
0000
038a
0000
037e
0000
0377
0000
038e
0000
0370
0000
064c
0000
06fe
0000
040e
0000
000c
0000
00a2
0000
00dc
0000
00da
0000
00ba
0000
00b2
0000
00ce
0468
0000
048c
0000
0350
0000
0260
0000
041a
0000
0466
0000
0456
0000
0382
0000
018e
0000
01c0
0000
01f4
0000
0208
0000
0226
0000
0254
0000
0298
0000
02bc
0000
02c8
0000
02d0
0000
02dc
0000
02cc
0000
02ae
0000
03ce
0000
0346
0000
034e
0000
0350
0000
03a4
0000
03ed
0000
045a
0000
04bc
0000
0518
0000
0562
0000
057c
0000
05b2
0000
061a
0000
041a
0000
025a
0000
02c2
0000
02bc
0000
02a6
0000
0264
0000
024e
0000
0260
0000
0358
0000
03b6
0000
0392
0000
03b4
0000
03e4
0000
03a0
0000
0386
0000
03a4
0000
0386
0000
037c
0000
0376
0000
038c
0000
03c2
0000
06d0
0000
06cc
0000
0070
0000
00a8
0000
00e8
0000
00b6
0000
00c2
0000
00c1
0000
00ba
0000
0000
04a2
0000
03c4
0000
0192
0000
0352
0000
047c
0000
0460
0000
040c
0000
027c
0000
0168
0000
01de
0000
0208
0000
0216
0000
023c
0000
025e
0000
02a0
0000
02a8
0000
02cc
0000
02dc
0000
02ca
0000
033e
0000
0326
0000
02ea
0000
02cc
0000
035c
0000
0344
0000
03a8
0000
0400
0000
046a
0000
04ec
0000
0546
0000
0562
0000
059a
0000
05bc
0000
05fe
0000
044c
0000
0276
0000
02a8
0000
02ac
0000
0288
0000
025a
0000
0224
0000
02c2
0000
03b8
0000
03b0
0000
038a
0000
039e
0000
03ca
0000
0380
0000
038a
0000
038e
0000
0386
0000
037a
0000
0388
0000
0384
0000
047a
0000
06e6
0000
00ee
0000
007c
0000
00d8
0000
00e4
0000
0094
0000
00ca
0000
00cc
0000
001c
04ac
0000
0400
0000
0206
0000
0240
0000
041e
0000
0486
0000
0458
0000
034c
0000
016a
0000
01ae
0000
0204
0000
021c
0000
0220
0000
0248
0000
0282
0000
0286
0000
02b0
0000
02c8
0000
02c2
0000
02d8
0000
026c
0000
02c2
0000
02da
0000
0346
0000
035e
0000
0350
0000
0394
0000
040a
0000
04c2
0000
051e
0000
053c
0000
05b6
0000
0596
0000
05dc
0000
05fe
0000
04b2
0000
0212
0000
0256
0000
027e
0000
026a
0000
0252
0000
023e
0000
0364
0000
03d2
0000
03b2
0000
037a
0000
037a
0000
03c0
0000
036e
0000
0392
0000
0388
0000
0380
0000
0396
0000
039a
0000
03b4
0000
04ce
0000
0212
0000
0094
0000
00b7
0000
00c2
0000
00cc
0000
00cc
0000
00e8
0000
0076
0000
0000
0452
0000
02b0
0000
0148
0000
034a
0000
047e
0000
0468
0000
0400
0000
025c
0000
0172
0000
01fc
0000
0220
0000
0216
0000
0220
0000
0266
0000
0280
0000
02a0
0000
02ac
0000
02be
0000
030c
0000
025c
0000
0282
0000
02c0
0000
0320
0000
0352
0000
0368
0000
0344
0000
0398
0000
042e
0000
04ec
0000
0540
0000
0568
0000
05ae
0000
05d6
0000
05d2
0000
05e6
0000
052a
0000
024a
0000
024c
0000
0272
0000
0256
0000
0236
0000
02c4
0000
03d4
0000
03ec
0000
0398
0000
02de
0000
0360
0000
03ae
0000
0396
0000
0390
0000
0380
0000
0390
0000
039a
0000
03ba
0000
0452
0000
0114
0000
007a
0000
00cc
0000
00c0
0000
00aa
0000
00e8
0000
00ee
0000
00c4
0000
01e2
03de
0000
0312
0000
019a
0000
0264
0000
040c
0000
047e
0000
0442
0000
035a
0000
0164
0000
01be
0000
021a
0000
021e
0000
021a
0000
024a
0000
0284
0000
0288
0000
02aa
0000
02b7
0000
02ce
0000
02d2
0000
025a
0000
0296
0000
02d8
0000
0320
0000
0342
0000
034c
0000
037e
0000
03b2
0000
046a
0000
052c
0000
0576
0000
0594
0000
059c
0000
05be
0000
05a4
0000
0650
0000
0778
0000
0374
0000
023c
0000
0236
0000
0228
0000
0248
0000
0386
0000
03f4
0000
03cc
0000
030c
0000
0280
0000
038a
0000
038a
0000
039e
0000
037c
0000
038a
0000
0392
0000
03a8
0000
0402
0000
018e
0000
0084
0000
00bc
0000
00b6
0000
00a8
0000
00d8
0000
00bc
0000
0144
0000
01cc
0000
0000
03b0
0000
015e
0000
01a6
0000
0356
0000
047a
0000
0472
0000
03fc
0000
0266
0000
017c
0000
0200
0000
020e
0000
0216
0000
0234
0000
0274
0000
0282
0000
02aa
0000
02b5
0000
02c6
0000
02d4
0000
026c
0000
028c
0000
02c0
0000
02ea
0000
031c
0000
0336
0000
034c
0000
0394
0000
03f8
0000
04d0
0000
0554
0000
0574
0000
0596
0000
0582
0000
05ee
0000
0682
0000
067a
0000
075c
0000
0274
0000
0233
0000
021e
0000
01fa
0000
02b4
0000
03de
0000
03ec
0000
03b6
0000
021c
0000
0272
0000
03aa
0000
0396
0000
0398
0000
038e
0000
0392
0000
0392
0000
03f0
0000
0212
0000
004c
0000
00c2
0000
00dc
0000
0092
0000
00ec
0000
00ce
0000
0152
0000
0152
0000
04d0
03b6
0000
01e6
0000
01b2
0000
026c
0000
040e
0000
0476
0000
0468
0000
0338
0000
0182
0000
01be
0000
0206
0000
022e
0000
0226
0000
0256
0000
027e
0000
029a
0000
02ac
0000
02c0
0000
02b6
0000
024e
0000
0295
0000
02c4
0000
02c6
0000
02d2
0000
031e
0000
0370
0000
037c
0000
03a4
0000
0442
0000
053c
0000
0570
0000
051e
0000
05fa
0000
0656
0000
064a
0000
0656
0000
0664
0000
0720
0000
01da
0000
01f2
0000
0204
0000
022e
0000
0356
0000
03e4
0000
03d8
0000
0328
0000
011e
0000
0298
0000
03b8
0000
038c
0000
037a
0000
0388
0000
038c
0000
03ba
0000
025e
0000
0078
0000
00bc
0000
00e8
0000
00ac
0000
00c0
0000
00be
0000
014a
0000
0220
0000
03d0
0000
0000
0228
0000
01c0
0000
01b2
0000
034a
0000
0468
0000
046e
0000
03f6
0000
0256
0000
0198
0000
01f8
0000
0214
0000
0228
0000
0226
0000
0268
0000
0294
0000
02aa
0000
02c2
0000
02e8
0000
023c
0000
027c
0000
02ba
0000
02a6
0000
02bb
0000
032c
0000
037c
0000
0384
0000
03b8
0000
03d4
0000
04ac
0000
054a
0000
057c
0000
0588
0000
0658
0000
062c
0000
063a
0000
066a
0000
067c
0000
0688
0000
015c
0000
01fc
0000
01ea
0000
02b8
0000
03dc
0000
03e8
0000
03b6
0000
023a
0000
00bc
0000
031c
0000
03aa
0000
0384
0000
037e
0000
038e
0000
0398
0000
038c
0000
0024
0000
00c2
0000
00ea
0000
0090
0000
00ea
0000
0090
0000
0152
0000
020e
0000
041e
0000
03dc
023c
0000
01c4
0000
01ba
0000
0254
0000
03ec
0000
0478
0000
0442
0000
0336
0000
0174
0000
01e4
0000
0216
0000
0210
0000
0218
0000
0244
0000
0284
0000
0280
0000
02c8
0000
02dc
0000
0268
0000
028a
0000
02aa
0000
02aa
0000
02a6
0000
0320
0000
0356
0000
0394
0000
03a4
0000
03aa
0000
0412
0000
04c8
0000
0534
0000
063a
0000
0624
0000
0612
0000
0616
0000
0618
0000
0672
0000
069c
0000
060a
0000
0110
0000
01ba
0000
0216
0000
0364
0000
03e8
0000
03de
0000
0366
0000
00c4
0000
018c
0000
034a
0000
03a2
0000
0384
0000
038a
0000
038e
0000
0396
0000
0074
0000
00b2
0000
00da
0000
00ad
0000
00c3
0000
00c2
0000
0100
0000
0240
0000
03bc
0000
03f0
0000
0000
0178
0000
01e4
0000
01ae
0000
0342
0000
0458
0000
046c
0000
03fc
0000
0250
0000
017a
0000
0200
0000
020c
0000
0216
0000
022c
0000
0266
0000
02a0
0000
02af
0000
02e8
0000
0270
0000
0272
0000
028a
0000
02ba
0000
02b0
0000
0314
0000
0340
0000
0372
0000
039a
0000
0368
0000
03c4
0000
0428
0000
04ea
0000
05fc
0000
0614
0000
05ea
0000
05ee
0000
061e
0000
0614
0000
0658
0000
0698
0000
05d8
0000
01e0
0000
01b4
0000
02c0
0000
03e2
0000
03e6
0000
03de
0000
0256
0000
0052
0000
0206
0000
0386
0000
039a
0000
036a
0000
0392
0000
042e
0000
0014
0000
007e
0000
00e8
0000
00c2
0000
00d4
0000
00b6
0000
00f8
0000
0178
0000
03f2
0000
03f6
0000
0488
01c4
0000
01ca
0000
01c6
0000
0246
0000
03de
0000
046a
0000
0454
0000
0342
0000
017e
0000
01c0
0000
020a
0000
0212
0000
0226
0000
0230
0000
027a
0000
02ac
0000
02e0
0000
02ae
0000
0264
0000
0276
0000
0298
0000
02b6
0000
030e
0000
0356
0000
037c
0000
038e
0000
0364
0000
0374
0000
036c
0000
04e2
0000
05e8
0000
05da
0000
0608
0000
05f0
0000
0628
0000
063c
0000
0648
0000
064e
0000
0678
0000
0684
0000
0112
0000
01da
0000
035a
0000
03f0
0000
03d8
0000
0342
0000
00ec
0000
0092
0000
0248
0000
0392
0000
0370
0000
0372
0000
03f6
0000
0134
0000
0070
0000
00e2
0000
00e4
0000
00bf
0000
00de
0000
00f2
0000
0176
0000
0390
0000
03ea
0000
0448
0000
0000
01ea
0000
01e2
0000
01c0
0000
0342
0000
043e
0000
0462
0000
0404
0000
025a
0000
0178
0000
01e6
0000
0212
0000
0222
0000
0224
0000
0266
0000
029a
0000
0282
0000
0350
0000
0238
0000
0288
0000
0286
0000
0292
0000
02de
0000
033c
0000
037e
0000
0382
0000
0382
0000
0348
0000
03a0
0000
0526
0000
05ca
0000
05a2
0000
0594
0000
05f6
0000
0630
0000
063a
0000
063e
0000
065c
0000
0658
0000
068e
0000
065a
0000
0102
0000
029e
0000
03d4
0000
03f4
0000
03e8
0000
025a
0000
00a0
0000
0054
0000
02d8
0000
039a
0000
037a
0000
03c4
0000
01e0
0000
006a
0000
00dc
0000
00da
0000
00ce
0000
00ca
0000
00d2
0000
00ae
0000
03e4
0000
03a2
0000
047a
0000
0486
01c8
0000
01e0
0000
01c8
0000
025e
0000
03ea
0000
045a
0000
0450
0000
0368
0000
01a2
0000
01c6
0000
01ea
0000
022c
0000
021a
0000
024c
0000
0274
0000
0284
0000
033e
0000
0212
0000
025e
0000
0270
0000
029a
0000
02da
0000
0322
0000
038c
0000
0356
0000
036e
0000
02de
0000
03dc
0000
0566
0000
0592
0000
05aa
0000
0574
0000
05c2
0000
0608
0000
0634
0000
0630
0000
062e
0000
0650
0000
063c
0000
069e
0000
055e
0000
016e
0000
0344
0000
03d8
0000
03f2
0000
0346
0000
0122
0000
008a
0000
00cc
0000
02a4
0000
0430
0000
0398
0000
023c
0000
0098
0000
00be
0000
00d6
0000
00dc
0000
00d2
0000
00d2
0000
0096
0000
0368
0000
03a4
0000
043e
0000
0478
0000
0000
01da
0000
01c6
0000
019e
0000
0338
0000
044c
0000
0456
0000
0406
0000
026c
0000
0178
0000
01d6
0000
0204
0000
0212
0000
022c
0000
0260
0000
0282
0000
02bc
0000
027c
0000
0244
0000
026e
0000
0278
0000
02c6
0000
031e
0000
0362
0000
035a
0000
0360
0000
02d2
0000
038c
0000
056a
0000
0574
0000
0551
0000
0570
0000
05be
0000
05dc
0000
0620
0000
0612
0000
0614
0000
0618
0000
0648
0000
0672
0000
06c4
0000
03ac
0000
0266
0000
03c4
0000
03ec
0000
03da
0000
026c
0000
00b6
0000
002e
0000
020c
0000
04e2
0000
0632
0000
04e0
0000
0028
0000
00cc
0000
00ea
0000
00e4
0000
00be
0000
00d0
0000
0050
0000
0330
0000
03e8
0000
0436
0000
046e
0000
046a
01e0
0000
01da
0000
01c4
0000
0224
0000
03ea
0000
0464
0000
044e
0000
0344
0000
016e
0000
01a4
0000
01e8
0000
020a
0000
0225
0000
0240
0000
0272
0000
022e
0000
052e
0000
0236
0000
0252
0000
027d
0000
0298
0000
0316
0000
0344
0000
0326
0000
0332
0000
0284
0000
03fb
0000
055a
0000
053a
0000
0528
0000
055e
0000
059c
0000
05d8
0000
05cc
0000
05e0
0000
0604
0000
0622
0000
0622
0000
064a
0000
064e
0000
072e
0000
0172
0000
0344
0000
03d4
0000
03e6
0000
035a
0000
010e
0000
0018
0000
032c
0000
0658
0000
065e
0000
07c8
0000
01aa
0000
00ba
0000
00ec
0000
00ea
0000
00d4
0000
00f8
0000
0096
0000
02bc
0000
03d6
0000
0437
0000
0475
0000
0456
0000
0000
01cc
0000
01d6
0000
019e
0000
0314
0000
045c
0000
0466
0000
03fe
0000
025e
0000
014c
0000
01c8
0000
0200
0000
020a
0000
021c
0000
0254
0000
0276
0000
04f4
0000
022e
0000
0244
0000
026e
0000
028e
0000
02e2
0000
02f4
0000
02f6
0000
0342
0000
0298
0000
03fa
0000
04ec
0000
04d4
0000
050a
0000
052c
0000
0584
0000
05b8
0000
05c2
0000
059e
0000
05e2
0000
0612
0000
0602
0000
063c
0000
063d
0000
0654
0000
06c6
0000
01d8
0000
03bc
0000
03fc
0000
03e2
0000
026e
0000
0056
0000
0338
0000
068a
0000
0640
0000
06bc
0000
0710
0000
0098
0000
00d2
0000
00f6
0000
00c0
0000
00ab
0000
00fc
0000
01de
0000
0412
0000
040c
0000
0474
0000
0456
0000
0446
01e0
0000
01e2
0000
01f8
0000
0248
0000
03c6
0000
0478
0000
0454
0000
0354
0000
016c
0000
0192
0000
0200
0000
020c
0000
0214
0000
0235
0000
026a
0000
0240
0000
0460
0000
0228
0000
022c
0000
0278
0000
02d2
0000
02e0
0000
030c
0000
0321
0000
027c
0000
0420
0000
04b6
0000
048c
0000
051c
0000
051a
0000
0578
0000
059a
0000
0572
0000
05b4
0000
05fa
0000
05dc
0000
0616
0000
061a
0000
0640
0000
0636
0000
066c
0000
05e4
0000
0280
0000
0404
0000
03fc
0000
0306
0000
0068
0000
03e8
0000
0658
0000
065a
0000
0660
0000
0680
0000
0494
0000
00ac
0000
00cc
0000
00b0
0000
00a2
0000
00b8
0000
015e
0000
03ea
0000
040e
0000
044a
0000
044c
0000
043e
0000
0000
0202
0000
0206
0000
01e0
0000
031c
0000
0462
0000
0476
0000
0408
0000
024a
0000
016a
0000
01e8
0000
0212
0000
021a
0000
022e
0000
0262
0000
0288
0000
062e
0000
01fc
0000
022e
0000
0250
0000
02ae
0000
02c8
0000
02d6
0000
0354
0000
0298
0000
03bc
0000
048a
0000
047c
0000
04ee
0000
054e
0000
0530
0000
0558
0000
0536
0000
0580
0000
05d0
0000
05da
0000
05f8
0000
0604
0000
05de
0000
0628
0000
063a
0000
064e
0000
04a2
0000
03b6
0000
03fe
0000
03a6
0000
0196
0000
047a
0000
060a
0000
0640
0000
0634
0000
0642
0000
06e8
0000
0090
0000
00ce
0000
00aa
0000
0098
0000
00ea
0000
0058
0000
0442
0000
03de
0000
0468
0000
0445
0000
043e
0000
0440
0202
0000
021a
0000
01fc
0000
023e
0000
03d4
0000
0484
0000
0478
0000
038a
0000
0180
0000
01b0
0000
020e
0000
0228
0000
0212
0000
024a
0000
0278
0000
036e
0000
0362
0000
020c
0000
0226
0000
027b
0000
029e
0000
02ee
0000
02fa
0000
02ea
0000
03e0
0000
03f4
0000
0450
0000
04ba
0000
054c
0000
052e
0000
055a
0000
04f4
0000
0506
0000
0592
0000
05c8
0000
05de
0000
0600
0000
056a
0000
05ec
0000
061a
0000
0618
0000
067c
0000
058e
0000
03d8
0000
03a4
0000
034e
0000
05d4
0000
0656
0000
0676
0000
061c
0000
061c
0000
06aa
0000
03f4
0000
00be
0000
00de
0000
0096
0000
00c2
0000
0048
0000
03a8
0000
03ea
0000
045c
0000
0448
0000
0436
0000
0424
0000
0000
0212
0000
021c
0000
01f0
0000
0330
0000
0450
0000
048a
0000
044a
0000
0274
0000
018c
0000
01f6
0000
0226
0000
021c
0000
022a
0000
0262
0000
022a
0000
0582
0000
024e
0000
0234
0000
024e
0000
0270
0000
02cc
0000
02e8
0000
02a2
0000
03b2
0000
03fa
0000
03da
0000
0496
0000
04e4
0000
04f0
0000
051e
0000
0514
0000
0502
0000
054c
0000
056e
0000
05ac
0000
0598
0000
056e
0000
05ac
0000
05fa
0000
0604
0000
05e2
0000
0610
0000
049a
0000
03de
0000
04ae
0000
05f6
0000
061e
0000
0662
0000
0610
0000
061a
0000
0672
0000
06dc
0000
00c4
0000
00e4
0000
00ba
0000
00ba
0000
008e
0000
02fe
0000
03de
0000
045e
0000
044a
0000
0442
0000
042e
0000
0426
021c
0000
0216
0000
0212
0000
0250
0000
03fa
0000
048e
0000
04ac
0000
0392
0000
0180
0000
01dc
0000
0212
0000
0218
0000
0206
0000
0228
0000
0244
0000
050c
0000
0340
0000
022c
0000
0232
0000
0258
0000
02a2
0000
02ba
0000
0302
0000
03ce
0000
03ca
0000
03ba
0000
044e
0000
04a0
0000
04a2
0000
0516
0000
04d3
0000
050a
0000
0504
0000
051a
0000
0554
0000
053c
0000
0560
0000
05a8
0000
05e2
0000
05c8
0000
05bc
0000
05a4
0000
05fa
0000
0424
0000
052a
0000
065c
0000
05f4
0000
0628
0000
060c
0000
0624
0000
064c
0000
06c6
0000
01dc
0000
00c2
0000
00c6
0000
00a2
0000
00d8
0000
0266
0000
03dc
0000
043c
0000
0454
0000
043a
0000
0437
0000
0420
0000
0000
0220
0000
0212
0000
021e
0000
0330
0000
0474
0000
04b2
0000
0466
0000
0274
0000
0164
0000
01e6
0000
020c
0000
0212
0000
0206
0000
0244
0000
01d4
0000
051e
0000
02b2
0000
0230
0000
0248
0000
0258
0000
02c0
0000
02c2
0000
03d2
0000
03d4
0000
0390
0000
0438
0000
044e
0000
04c0
0000
0492
0000
04dc
0000
0514
0000
04ec
0000
0504
0000
0520
0000
0566
0000
0526
0000
058a
0000
058a
0000
05a6
0000
0584
0000
0580
0000
0562
0000
0556
0000
05b0
0000
0626
0000
0609
0000
0614
0000
0604
0000
062c
0000
0612
0000
066e
0000
069e
0000
00ca
0000
00d8
0000
0076
0000
00d8
0000
019c
0000
0418
0000
0404
0000
0458
0000
0442
0000
0442
0000
042a
0000
041c
021c
0000
020e
0000
0210
0000
0258
0000
03de
0000
04a2
0000
04a6
0000
0394
0000
0176
0000
01ba
0000
01fe
0000
0208
0000
0204
0000
0220
0000
021c
0000
0658
0000
03cc
0000
0289
0000
0256
0000
0262
0000
02b0
0000
02ec
0000
03a6
0000
03a8
0000
03a0
0000
0400
0000
03de
0000
048e
0000
0482
0000
049e
0000
04d6
0000
04ea
0000
04d4
0000
04dc
0000
0554
0000
0534
0000
055e
0000
05b6
0000
0562
0000
0518
0000
0576
0000
0506
0000
056e
0000
0580
0000
060c
0000
062c
0000
05fa
0000
05f0
0000
0624
0000
05a2
0000
05ec
0000
06bc
0000
0078
0000
00b8
0000
00cc
0000
00ba
0000
00f4
0000
03da
0000
0400
0000
0462
0000
044c
0000
044a
0000
043a
0000
043e
0000
0000
0204
0000
0212
0000
01f2
0000
0328
0000
0490
0000
04c0
0000
0466
0000
0276
0000
0176
0000
01f2
0000
0222
0000
020c
0000
0218
0000
0227
0000
023a
0000
0518
0000
036c
0000
029e
0000
0224
0000
0284
0000
029e
0000
0358
0000
03b8
0000
036e
0000
03f2
0000
03ea
0000
03d8
0000
0448
0000
049a
0000
04ca
0000
04d6
0000
04d4
0000
048c
0000
04e0
0000
050c
0000
052c
0000
055a
0000
0556
0000
0525
0000
0526
0000
0524
0000
052a
0000
05da
0000
05e8
0000
0616
0000
05ec
0000
05fc
0000
061a
0000
05c4
0000
0540
0000
05d2
0000
032e
0000
00c2
0000
00c8
0000
00ca
0000
00ae
0000
03a2
0000
041a
0000
046b
0000
0458
0000
0452
0000
043c
0000
043e
0000
044c
01f6
0000
0202
0000
01fa
0000
0252
0000
0406
0000
04c0
0000
04be
0000
0398
0000
0190
0000
01d8
0000
0214
0000
0202
0000
0208
0000
0218
0000
0208
0000
063c
0000
0424
0000
033c
0000
0226
0000
024a
0000
02ac
0000
034a
0000
0385
0000
0360
0000
03de
0000
03d6
0000
03cc
0000
03a8
0000
043e
0000
04d8
0000
047e
0000
046e
0000
0478
0000
0474
0000
04d4
0000
04f8
0000
0544
0000
04fa
0000
0512
0000
04cc
0000
051e
0000
056c
0000
05d4
0000
061e
0000
05c2
0000
05e0
0000
0600
0000
0615
0000
0652
0000
048a
0000
04b0
0000
05f4
0000
0092
0000
00be
0000
00ac
0000
00cc
0000
02d0
0000
03f2
0000
046a
0000
0464
0000
045e
0000
0446
0000
043e
0000
0436
0000
0000
01f4
0000
01e6
0000
01e8
0000
0340
0000
048a
0000
04a8
0000
0462
0000
028c
0000
017c
0000
01fc
0000
020a
0000
0200
0000
0214
0000
021a
0000
0296
0000
050e
0000
03e2
0000
0316
0000
01f8
0000
028a
0000
0358
0000
0350
0000
0328
0000
03d2
0000
03b8
0000
03e4
0000
03a8
0000
0400
0000
0474
0000
049a
0000
045c
0000
046c
0000
047e
0000
0480
0000
04c2
0000
04e0
0000
04d8
0000
04b4
0000
0488
0000
0500
0000
057a
0000
05c2
0000
0608
0000
05ba
0000
05d0
0000
060c
0000
0610
0000
065a
0000
04ba
0000
04ba
0000
0594
0000
0036
0000
00e6
0000
00b2
0000
00ac
0000
0254
0000
03f2
0000
042e
0000
0460
0000
0456
0000
044c
0000
0440
0000
0442
0000
0438
0208
0000
01e6
0000
01f1
0000
0268
0000
040c
0000
04aa
0000
04a8
0000
03b2
0000
0194
0000
01c6
0000
0202
0000
0200
0000
01fc
0000
021a
0000
01c4
0000
05b8
0000
0486
0000
0376
0000
029a
0000
0268
0000
0346
0000
0328
0000
0320
0000
03ae
0000
036a
0000
03ce
0000
03b4
0000
0414
0000
040e
0000
0402
0000
0460
0000
0438
0000
0456
0000
0490
0000
049c
0000
049a
0000
0468
0000
0482
0000
0454
0000
04fe
0000
05a6
0000
05a8
0000
05a0
0000
05bc
0000
05dd
0000
060c
0000
0614
0000
0662
0000
050a
0000
0464
0000
040a
0000
0292
0000
00b0
0000
00c2
0000
00d4
0000
017a
0000
03f0
0000
0412
0000
0448
0000
0440
0000
0444
0000
0442
0000
0436
0000
0440
0000
0000
0208
0000
0202
0000
0216
0000
0346
0000
0488
0000
04b8
0000
0474
0000
028a
0000
016a
0000
01f8
0000
01fa
0000
0204
0000
01fe
0000
01fe
0000
0366
0000
0568
0000
042e
0000
03b0
0000
0260
0000
0352
0000
030a
0000
0302
0000
03ae
0000
0354
0000
035e
0000
03ae
0000
03fc
0000
03ba
0000
03da
0000
03cc
0000
02d8
0000
0418
0000
045c
0000
0464
0000
046e
0000
0458
0000
0434
0000
04aa
0000
0540
0000
057c
0000
05da
0000
05b6
0000
05c4
0000
05ec
0000
0610
0000
061c
0000
064c
0000
057c
0000
03fc
0000
0356
0000
061a
0000
007c
0000
00e2
0000
00ea
0000
00ae
0000
0416
0000
03da
0000
0454
0000
0442
0000
0434
0000
0440
0000
043f
0000
0438
0000
0438
020a
0000
020c
0000
021e
0000
0284
0000
0402
0000
04ba
0000
04a6
0000
03c2
0000
0174
0000
01b2
0000
01f6
0000
01fa
0000
0206
0000
01f4
0000
019c
0000
0630
0000
04f8
0000
03ba
0000
0364
0000
02de
0000
02fc
0000
02fe
0000
036e
0000
0316
0000
0328
0000
036e
0000
03ca
0000
032e
0000
02dc
0000
0230
0000
03e4
0000
0344
0000
0398
0000
0418
0000
03d8
0000
036c
0000
02f4
0000
04b2
0000
04fc
0000
05b4
0000
05fa
0000
05b2
0000
05d8
0000
0600
0000
060e
0000
0626
0000
0642
0000
060e
0000
02f6
0000
0240
0000
064c
0000
003c
0000
00ae
0000
00b8
0000
00d4
0000
031c
0000
0408
0000
0452
0000
0448
0000
043e
0000
043c
0000
0434
0000
0438
0000
0434
0000
0000
0218
0000
0218
0000
022e
0000
0366
0000
049c
0000
04b8
0000
0480
0000
02a2
0000
0150
0000
01f8
0000
0206
0000
0208
0000
0202
0000
01f8
0000
030e
0000
05b6
0000
047a
0000
03c4
0000
027a
0000
02de
0000
029e
0000
038a
0000
0318
0000
0314
0000
0346
0000
03b8
0000
035c
0000
02de
0000
0266
0000
0208
0000
049e
0000
02fe
0000
023c
0000
029a
0000
015a
0000
003a
0000
0434
0000
0516
0000
058e
0000
05e0
0000
05ce
0000
05ce
0000
05f8
0000
0600
0000
061c
0000
0632
0000
057e
0000
026c
0000
01bc
0000
05ec
0000
016c
0000
00aa
0000
009c
0000
00dc
0000
01fa
0000
03d4
0000
044c
0000
0456
0000
0452
0000
0439
0000
0434
0000
042c
0000
0428
0000
0430
0210
0000
0227
0000
0222
0000
028e
0000
040c
0000
04ae
0000
04c4
0000
03c6
0000
017a
0000
01a8
0000
01fc
0000
0210
0000
01fa
0000
01f6
0000
01a0
0000
0666
0000
05c0
0000
030a
0000
02d0
0000
02b4
0000
02b0
0000
035a
0000
0310
0000
0328
0000
032a
0000
0354
0000
0348
0000
0334
0000
026a
0000
0280
0000
02e2
0000
0320
0000
01b0
0000
0226
0000
00c4
0000
008c
0000
0232
0000
055e
0000
0600
0000
05c7
0000
05c8
0000
05c2
0000
05e0
0000
05f2
0000
0612
0000
063a
0000
0316
0000
01d2
0000
01f4
0000
0586
0000
0326
0000
00bc
0000
00c4
0000
0098
0000
00da
0000
03d8
0000
0428
0000
046a
0000
045e
0000
0456
0000
0436
0000
0438
0000
042a
0000
041c
0000
0000
023a
0000
020a
0000
0250
0000
0364
0000
049c
0000
04b4
0000
0476
0000
0294
0000
015c
0000
01f6
0000
0202
0000
0206
0000
0206
0000
01f0
0000
01bc
0000
05e4
0000
04a2
0000
0322
0000
02f0
0000
024a
0000
0384
0000
02e6
0000
032a
0000
030a
0000
034c
0000
02e9
0000
033a
0000
02a8
0000
01f8
0000
0134
0000
025a
0000
026a
0000
022a
0000
016e
0000
0048
0000
02ba
0000
0512
0000
05d6
0000
05c4
0000
05c2
0000
05c8
0000
05d0
0000
05f4
0000
0648
0000
0506
0000
01c8
0000
01de
0000
02d2
0000
05f0
0000
0252
0000
00a6
0000
00bc
0000
00d8
0000
0076
0000
03e6
0000
040c
0000
0480
0000
0460
0000
045e
0000
044a
0000
043a
0000
0432
0000
042e
0000
041e
0244
0000
0228
0000
021e
0000
0284
0000
0410
0000
04b2
0000
04a2
0000
03c8
0000
0190
0000
019e
0000
01f2
0000
0202
0000
0202
0000
01fa
0000
01e6
0000
0500
0000
05b4
0000
033a
0000
03b6
0000
0270
0000
0320
0000
0316
0000
02e6
0000
031e
0000
033c
0000
0316
0000
02ec
0000
024a
0000
0192
0000
006a
0000
02ae
0000
018a
0000
026a
0000
01da
0000
0100
0000
0296
0000
04be
0000
0574
0000
05b8
0000
059c
0000
0596
0000
05c0
0000
05e2
0000
0616
0000
042c
0000
0262
0000
0242
0000
03c8
0000
05b2
0000
02be
0000
008c
0000
00c2
0000
0090
0000
00f8
0000
02cc
0000
03ba
0000
048a
0000
0476
0000
0466
0000
045a
0000
044e
0000
0433
0000
0434
0000
0430
0000
0000
023e
0000
0228
0000
022c
0000
0346
0000
048a
0000
049e
0000
0482
0000
02a6
0000
015c
0000
01ee
0000
0202
0000
020a
0000
01fc
0000
0208
0000
0184
0000
0654
0000
0540
0000
03ae
0000
028a
0000
031a
0000
02d6
0000
02e8
0000
02dc
0000
0304
0000
0334
0000
02aa
0000
0136
0000
016e
0000
0086
0000
0254
0000
015c
0000
0248
0000
0186
0000
017a
0000
035a
0000
04ac
0000
0572
0000
0558
0000
056a
0000
057e
0000
05a0
0000
05de
0000
054c
0000
022a
0000
0322
0000
042e
0000
048c
0000
05fe
0000
0274
0000
0074
0000
00e4
0000
0092
0000
00ae
0000
0188
0000
03da
0000
047a
0000
0496
0000
0478
0000
0468
0000
0454
0000
043e
0000
0444
0000
0432
0000
040c
0254
0000
0236
0000
020e
0000
027a
0000
0404
0000
049c
0000
04a4
0000
03c0
0000
017a
0000
01ae
0000
01f8
0000
0200
0000
0204
0000
01f2
0000
0224
0000
0236
0000
05ec
0000
0476
0000
02ee
0000
02d8
0000
02d6
0000
02aa
0000
02e8
0000
02f6
0000
02c2
0000
023c
0000
01bc
0000
0126
0000
009e
0000
0186
0000
0100
0000
01ee
0000
01da
0000
021a
0000
0370
0000
04c6
0000
059c
0000
0558
0000
0542
0000
0542
0000
05ac
0000
05a2
0000
03a6
0000
0224
0000
035e
0000
0438
0000
048a
0000
0592
0000
02bc
0000
0068
0000
00fa
0000
00c2
0000
00b0
0000
00d2
0000
03c4
0000
041e
0000
0496
0000
048c
0000
0480
0000
0464
0000
0454
0000
0445
0000
0448
0000
042a
0000
0000
0250
0000
021e
0000
01fe
0000
033e
0000
048c
0000
04ac
0000
047c
0000
02c0
0000
0158
0000
01da
0000
0204
0000
01f4
0000
01fc
0000
022c
0000
020c
0000
043c
0000
05aa
0000
04d2
0000
02c2
0000
02c8
0000
02bc
0000
02e6
0000
0320
0000
0338
0000
0144
0000
01a8
0000
012e
0000
0116
0000
00a2
0000
014a
0000
0128
0000
01a0
0000
01d6
0000
03ca
0000
04d0
0000
05b2
0000
0530
0000
053c
0000
0540
0000
0572
0000
055a
0000
04d4
0000
00fc
0000
02ee
0000
02ea
0000
04a2
0000
05d4
0000
01fe
0000
004c
0000
00d4
0000
00e6
0000
0094
0000
00c2
0000
0354
0000
03b8
0000
04a6
0000
0494
0000
0486
0000
0476
0000
045a
0000
0450
0000
0444
0000
042e
0000
041e
025a
0000
0236
0000
0210
0000
022a
0000
0412
0000
04bc
0000
04b8
0000
03d8
0000
017a
0000
0198
0000
01f0
0000
01e8
0000
01fc
0000
0210
0000
0236
0000
01ec
0000
058a
0000
0510
0000
02d8
0000
0302
0000
02b6
0000
032e
0000
0314
0000
02de
0000
01ac
0000
01b6
0000
0116
0000
013e
0000
0046
0000
019a
0000
0120
0000
0152
0000
0298
0000
02ea
0000
04c4
0000
05bc
0000
054e
0000
052c
0000
04fc
0000
0546
0000
0562
0000
0598
0000
01cc
0000
021e
0000
02c6
0000
03be
0000
04f4
0000
01ae
0000
0098
0000
00cc
0000
00f8
0000
00b6
0000
00c0
0000
01f8
0000
03b2
0000
04a8
0000
0496
0000
0484
0000
047e
0000
0466
0000
0468
0000
0458
0000
044a
0000
042c
0000
0000
025c
0000
0228
0000
01e8
0000
031a
0000
0480
0000
04b8
0000
0492
0000
02b6
0000
014e
0000
01d0
0000
01f4
0000
01f6
0000
01f8
0000
022e
0000
0260
0000
0186
0000
062a
0000
0516
0000
02ec
0000
02a6
0000
02e6
0000
02ea
0000
031c
0000
0186
0000
01ca
0000
01cc
0000
0084
0000
0214
0000
00c8
0000
00ce
0000
01a8
0000
01a0
0000
02da
0000
0420
0000
058a
0000
0544
0000
050e
0000
0510
0000
0510
0000
0562
0000
0594
0000
056a
0000
01da
0000
01d4
0000
034a
0000
043a
0000
00b4
0000
007a
0000
00e2
0000
00f5
0000
00a6
0000
00b0
0000
0118
0000
035c
0000
0448
0000
04a0
0000
0482
0000
0490
0000
0474
0000
0468
0000
0464
0000
0450
0000
0438
0000
0416
0254
0000
023e
0000
0208
0000
0214
0000
03e2
0000
04ac
0000
04cc
0000
03d4
0000
0166
0000
019e
0000
01fa
0000
0200
0000
01fa
0000
0214
0000
0266
0000
0256
0000
0348
0000
0616
0000
0300
0000
02d8
0000
02d2
0000
02e8
0000
02e6
0000
0214
0000
0108
0000
0166
0000
0170
0000
0152
0000
01e0
0000
0050
0000
008c
0000
01c6
0000
0290
0000
046a
0000
0554
0000
0518
0000
04ec
0000
050e
0000
0506
0000
0596
0000
05b2
0000
05bc
0000
041a
0000
016a
0000
01de
0000
03ae
0000
018e
0000
0090
0000
00c8
0000
0106
0000
00e0
0000
008e
0000
00bc
0000
0356
0000
039a
0000
04b0
0000
0492
0000
048e
0000
0474
0000
0482
0000
0470
0000
0446
0000
044c
0000
0432
0000
0000
0246
0000
021a
0000
01d2
0000
030a
0000
047c
0000
04bb
0000
0488
0000
02ce
0000
014a
0000
01e0
0000
020c
0000
0208
0000
020c
0000
0232
0000
027c
0000
020c
0000
06aa
0000
03cc
0000
02b6
0000
02a2
0000
0310
0000
0328
0000
0160
0000
0102
0000
005a
0000
0194
0000
00f2
0000
015e
0000
00f6
0000
008f
0000
00e0
0000
0340
0000
03ba
0000
0540
0000
0532
0000
04aa
0000
04d0
0000
04b0
0000
0588
0000
05c0
0000
05b8
0000
05e2
0000
0296
0000
0096
0000
0252
0000
03ca
0000
007e
0000
00a8
0000
00ee
0000
0118
0000
0094
0000
00cc
0000
02aa
0000
03ba
0000
044a
0000
04a8
0000
0484
0000
047a
0000
0486
0000
0470
0000
0466
0000
0450
0000
0444
0000
0412
024e
0000
0244
0000
0214
0000
0214
0000
03f4
0000
04b2
0000
04c8
0000
03f0
0000
0184
0000
0198
0000
01fe
0000
0218
0000
0206
0000
0218
0000
026c
0000
0266
0000
0268
0000
05a6
0000
0274
0000
02a6
0000
02a8
0000
02a4
0000
01de
0000
0164
0000
0094
0000
010c
0000
0172
0000
0158
0000
02f6
0000
00ea
0000
0114
0000
0390
0000
0400
0000
0548
0000
057a
0000
04c4
0000
04f4
0000
046a
0000
053c
0000
05be
0000
05d6
0000
060e
0000
0538
0000
015e
0000
010e
0000
03dc
0000
010c
0000
00b2
0000
00ce
0000
0124
0000
00a8
0000
00c4
0000
015e
0000
0374
0000
042e
0000
0436
0000
0486
0000
0488
0000
0476
0000
047e
0000
0468
0000
0454
0000
0449
0000
042a
0000
0000
024c
0000
0220
0000
01ea
0000
030e
0000
047c
0000
04c5
0000
049a
0000
02e2
0000
0156
0000
01ec
0000
021c
0000
021e
0000
0208
0000
0280
0000
028a
0000
026c
0000
0548
0000
022e
0000
0266
0000
02fc
0000
0252
0000
016a
0000
006e
0000
0050
0000
00ea
0000
00ec
0000
017e
0000
01fa
0000
01e2
0000
0024
0000
0416
0000
04d6
0000
03f2
0000
0572
0000
04da
0000
0432
0000
049f
0000
050c
0000
05ae
0000
05f0
0000
0608
0000
0630
0000
03b6
0000
005c
0000
0162
0000
0432
0000
00de
0000
00e2
0000
0104
0000
00e0
0000
00b2
0000
0066
0000
03dc
0000
03ee
0000
0438
0000
0410
0000
042c
0000
0460
0000
0472
0000
0470
0000
045e
0000
0446
0000
043a
0000
03fe
0236
0000
022c
0000
0204
0000
020e
0000
03dc
0000
04ba
0000
04c8
0000
03d4
0000
01be
0000
01b6
0000
021a
0000
0229
0000
0214
0000
0218
0000
02b8
0000
0294
0000
0254
0000
05b2
0000
0278
0000
02de
0000
02ce
0000
013c
0000
0064
0000
01fa
0000
00fc
0000
00be
0000
011a
0000
0224
0000
0298
0000
0172
0000
0324
0000
04bc
0000
04ec
0000
04a8
0000
053a
0000
0468
0000
0402
0000
04be
0000
0592
0000
05d6
0000
05fa
0000
0634
0000
0610
0000
01dc
0000
005c
0000
02d6
0000
017e
0000
00dc
0000
0106
0000
012e
0000
00a8
0000
00b6
0000
031e
0000
03a0
0000
047c
0000
0430
0000
0410
0000
0410
0000
041a
0000
0446
0000
0470
0000
0448
0000
0432
0000
041c
0000
0000
023a
0000
0216
0000
01d0
0000
0302
0000
0492
0000
04c9
0000
049c
0000
02cc
0000
0176
0000
0200
0000
0222
0000
0233
0000
021a
0000
028d
0000
028c
0000
02a0
0000
0308
0000
0286
0000
02da
0000
030c
0000
019e
0000
0144
0000
0084
0000
00fe
0000
00f2
0000
010c
0000
0122
0000
0100
0000
01e2
0000
02d4
0000
0458
0000
055c
0000
03f8
0000
0568
0000
0450
0000
044c
0000
04a0
0000
0534
0000
05b2
0000
05e8
0000
0618
0000
0644
0000
04e8
0000
0146
0000
00aa
0000
048e
0000
00b8
0000
00e4
0000
0124
0000
00ba
0000
00e2
0000
01a0
0000
038e
0000
049e
0000
0486
0000
0452
0000
0440
0000
0410
0000
03e6
0000
0404
0000
0436
0000
041c
0000
041c
0000
040c
0238
0000
0214
0000
01f0
0000
0202
0000
03ee
0000
04b8
0000
04ce
0000
03ee
0000
0198
0000
01ce
0000
0218
0000
022a
0000
0230
0000
0246
0000
028c
0000
027c
0000
02c2
0000
029e
0000
02a2
0000
03a4
0000
01a2
0000
0144
0000
00da
0000
0150
0000
017a
0000
00c4
0000
0120
0000
0190
0000
0077
0000
0244
0000
03f2
0000
04bc
0000
056a
0000
04d0
0000
046e
0000
0422
0000
048e
0000
04e0
0000
0588
0000
05c2
0000
05de
0000
0632
0000
065e
0000
02fa
0000
009c
0000
018c
0000
01d2
0000
010c
0000
0114
0000
00ea
0000
00c2
0000
00d2
0000
039e
0000
044c
0000
0494
0000
0480
0000
04a6
0000
0454
0000
042c
0000
03ea
0000
03ea
0000
03d6
0000
03f8
0000
03fe
0000
0000
0222
0000
0204
0000
01d8
0000
0308
0000
0480
0000
04dc
0000
049c
0000
02dc
0000
0172
0000
01f4
0000
022e
0000
0232
0000
022a
0000
0270
0000
029e
0000
02c6
0000
02d2
0000
02be
0000
02b4
0000
0210
0000
0158
0000
022e
0000
00bc
0000
018e
0000
0080
0000
013e
0000
0158
0000
00ee
0000
0238
0000
0406
0000
049e
0000
0594
0000
0528
0000
0426
0000
0440
0000
0496
0000
04da
0000
04fe
0000
058e
0000
05b6
0000
05e8
0000
0628
0000
05b8
0000
0150
0000
006e
0000
0484
0000
0108
0000
00fe
0000
014c
0000
00c0
0000
009e
0000
0374
0000
03a0
0000
047c
0000
0472
0000
048a
0000
04a0
0000
0471
0000
0424
0000
03f6
0000
03e0
0000
03ca
0000
03d2
0000
03f6
0228
0000
0216
0000
020c
0000
01f6
0000
03f2
0000
04c8
0000
04e4
0000
03ec
0000
01a6
0000
01b6
0000
0212
0000
0230
0000
0222
0000
0244
0000
0286
0000
02a0
0000
0312
0000
0170
0000
041c
0000
01b8
0000
0180
0000
01ca
0000
003a
0000
017a
0000
00aa
0000
00e2
0000
0162
0000
0108
0000
020a
0000
03c6
0000
04b8
0000
04d4
0000
0580
0000
037a
0000
0252
0000
033a
0000
04d4
0000
04d4
0000
04f8
0000
0588
0000
059c
0000
0604
0000
05f8
0000
0286
0000
0064
0000
010a
0000
0312
0000
0152
0000
0140
0000
00c6
0000
00f6
0000
0200
0000
0370
0000
0478
0000
046a
0000
045a
0000
0480
0000
0486
0000
0442
0000
0444
0000
0422
0000
03fc
0000
03cc
0000
03bd
0000
0000
022c
0000
0222
0000
01e0
0000
02f0
0000
0480
0000
04d6
0000
04b2
0000
02da
0000
0174
0000
01fe
0000
022c
0000
020e
0000
0220
0000
0262
0000
02b6
0000
03de
0000
0070
0000
02c0
0000
0246
0000
018c
0000
0166
0000
027c
0000
00e8
0000
00f2
0000
0082
0000
010a
0000
0148
0000
016a
0000
03de
0000
055c
0000
0478
0000
04c4
0000
03b6
0000
03de
0000
0290
0000
0144
0000
03d8
0000
04c2
0000
0550
0000
057a
0000
05a6
0000
0466
0000
0224
0000
0142
0000
007c
0000
036e
0000
00d0
0000
012c
0000
00e2
0000
00d6
0000
00ba
0000
03a8
0000
0446
0000
045e
0000
044a
0000
0454
0000
0458
0000
0450
0000
043c
0000
0446
0000
0442
0000
03f7
0000
03c0
0000
0364
0232
0000
0240
0000
0206
0000
01d6
0000
03d4
0000
04ce
0000
04ea
0000
040c
0000
01a6
0000
01b0
0000
0224
0000
021a
0000
020e
0000
021e
0000
0272
0000
03a0
0000
03b4
0000
0288
0000
0242
0000
0188
0000
0226
0000
0210
0000
00cc
0000
00d4
0000
015a
0000
0016
0000
014a
0000
00d8
0000
0444
0000
050e
0000
0548
0000
04c2
0000
0248
0000
0272
0000
029c
0000
0178
0000
01d0
0000
0418
0000
0480
0000
0572
0000
05ca
0000
0318
0000
023c
0000
020e
0000
00d0
0000
00fa
0000
03b6
0000
0118
0000
0124
0000
00ce
0000
00ca
0000
034a
0000
03a2
0000
0474
0000
0448
0000
0444
0000
043c
0000
045a
0000
0434
0000
043c
0000
044c
0000
043f
0000
040e
0000
03b4
0000
0000
0222
0000
0222
0000
01c2
0000
02e8
0000
0482
0000
04e2
0000
04ae
0000
02f6
0000
015e
0000
01d4
0000
022a
0000
0202
0000
01e6
0000
02b2
0000
0358
0000
043a
0000
0438
0000
0116
0000
0108
0000
01f4
0000
0156
0000
0186
0000
01b6
0000
0084
0000
0184
0000
0094
0000
0020
0000
043e
0000
053e
0000
05c6
0000
042a
0000
0184
0000
00e0
0000
00dc
0000
006a
0000
0236
0000
02a2
0000
03ec
0000
053e
0000
05ea
0000
03ce
0000
00dc
0000
0090
0000
0154
0000
0086
0000
02de
0000
019e
0000
0122
0000
00ba
0000
00f6
0000
018c
0000
035e
0000
0468
0000
0446
0000
0436
0000
0442
0000
0442
0000
0446
0000
0438
0000
043a
0000
044a
0000
0408
0000
03ec
0000
039e
020e
0000
01ff
0000
01d8
0000
019e
0000
03c8
0000
04d8
0000
04e6
0000
03ee
0000
019e
0000
0198
0000
01fc
0000
01fc
0000
01dc
0000
028c
0000
03e6
0000
0386
0000
03f2
0000
0034
0000
0170
0000
01a2
0000
0200
0000
009c
0000
0110
0000
010e
0000
0132
0000
0148
0000
0022
0000
02d6
0000
04f0
0000
0630
0000
047c
0000
00a2
0000
0094
0000
005e
0000
0252
0000
00cc
0000
02e0
0000
0318
0000
0418
0000
0616
0000
0280
0000
00f0
0000
0162
0000
00b8
0000
00b2
0000
0110
0000
03e8
0000
0140
0000
00d2
0000
00c4
0000
00ba
0000
03aa
0000
043c
0000
0440
0000
0426
0000
042e
0000
043e
0000
0440
0000
042c
0000
0428
0000
0436
0000
03fa
0000
03d6
0000
03a4
0000
0000
01f0
0000
01d6
0000
016c
0000
02c4
0000
0496
0000
04f0
0000
04b0
0000
02e8
0000
0158
0000
01d4
0000
0212
0000
0200
0000
0188
0000
04bc
0000
0410
0000
03d8
0000
0022
0000
0104
0000
011e
0000
0146
0000
02d8
0000
00dc
0000
014a
0000
0086
0000
00b4
0000
00ae
0000
0202
0000
04c2
0000
058c
0000
04be
0000
0170
0000
00b4
0000
0146
0000
0198
0000
0444
0000
014c
0000
029e
0000
0378
0000
0594
0000
0418
0000
0030
0000
0224
0000
0116
0000
0090
0000
0088
0000
0264
0000
01e4
0000
0126
0000
00c4
0000
00b2
0000
034c
0000
03de
0000
044e
0000
0422
0000
041c
0000
0420
0000
041c
0000
0426
0000
0428
0000
040a
0000
03f8
0000
03b6
0000
038a
0000
0394
021e
0000
0202
0000
01cc
0000
016c
0000
03d6
0000
04e6
0000
04fc
0000
03f2
0000
01a8
0000
01c2
0000
0216
0000
023a
0000
01c2
0000
0218
0000
0520
0000
0308
0000
0044
0000
014e
0000
0114
0000
014c
0000
0260
0000
0074
0000
008c
0000
013e
0000
0074
0000
006a
0000
01e6
0000
0456
0000
05ae
0000
0532
0000
0220
0000
014e
0000
020a
0000
0244
0000
06e8
0000
02f2
0000
0260
0000
02e4
0000
0450
0000
0620
0000
01dc
0000
0252
0000
04c8
0000
0098
0000
00a6
0000
0158
0000
0460
0000
01c6
0000
00b4
0000
00ea
0000
0186
0000
039a
0000
044e
0000
0438
0000
0411
0000
041a
0000
0416
0000
041a
0000
0414
0000
0400
0000
03dc
0000
03ae
0000
0370
0000
03ec
0000
0000
022a
0000
01f6
0000
016a
0000
02b4
0000
049a
0000
0508
0000
04da
0000
02ee
0000
019e
0000
0232
0000
0254
0000
0124
0000
0190
0000
043e
0000
0442
0000
0116
0000
010a
0000
00ba
0000
017e
0000
01ee
0000
0324
0000
00c6
0000
0090
0000
00c2
0000
0090
0000
004c
0000
03bc
0000
050a
0000
04b0
0000
02c4
0000
0368
0000
0222
0000
02e4
0000
04a0
0000
0538
0000
0318
0000
02ba
0000
0330
0000
060e
0000
0310
0000
02e6
0000
0358
0000
0122
0000
009c
0000
00b8
0000
01f0
0000
01de
0000
00e6
0000
00b7
0000
00cc
0000
03b2
0000
0440
0000
0434
0000
041e
0000
0412
0000
0420
0000
041e
0000
0414
0000
03f4
0000
03cc
0000
03a2
0000
0394
0000
04b0
0000
0564
022e
0000
0218
0000
01b8
0000
0156
0000
03ca
0000
04f4
0000
050c
0000
0430
0000
01c8
0000
01e8
0000
0252
0000
02a2
0000
0284
0000
0458
0000
0278
0000
00b6
0000
02ae
0000
024c
0000
0122
0000
022e
0000
02a2
0000
0254
0000
0094
0000
009a
0000
00aa
0000
004a
0000
0308
0000
057c
0000
0532
0000
023a
0000
035a
0000
0378
0000
02fe
0000
0334
0000
0374
0000
0420
0000
02de
0000
02da
0000
0438
0000
062e
0000
0368
0000
035a
0000
0198
0000
0114
0000
00a4
0000
0160
0000
04bc
0000
01b0
0000
00c2
0000
00dc
0000
0310
0000
03d4
0000
0432
0000
041a
0000
040e
0000
042c
0000
041e
0000
0406
0000
03ea
0000
03b0
0000
039e
0000
042e
0000
051e
0000
056e
0000
0000
021c
0000
01b6
0000
0154
0000
02ae
0000
048c
0000
0512
0000
04fc
0000
031c
0000
018e
0000
022e
0000
025c
0000
0368
0000
0376
0000
0188
0000
00fc
0000
01b2
0000
0210
0000
00aa
0000
016e
0000
0246
0000
02b4
0000
00a6
0000
009e
0000
00b6
0000
0048
0000
0314
0000
055c
0000
048a
0000
0248
0000
0340
0000
03bc
0000
03a8
0000
0362
0000
0376
0000
03f8
0000
03b0
0000
02d8
0000
02ec
0000
05f2
0000
0520
0000
0384
0000
028e
0000
020c
0000
00e4
0000
00e0
0000
01a6
0000
0284
0000
00cc
0000
0092
0000
0184
0000
0368
0000
0454
0000
0424
0000
0414
0000
0416
0000
040e
0000
0404
0000
03f0
0000
03bc
0000
036c
0000
047c
0000
05a0
0000
05a6
0000
0598
020e
0000
01b8
0000
018a
0000
011c
0000
03bc
0000
04e8
0000
0528
0000
042a
0000
01b8
0000
01d0
0000
0230
0000
02be
0000
0420
0000
0236
0000
011a
0000
015e
0000
0236
0000
012e
0000
00e0
0000
0230
0000
02cc
0000
026e
0000
00b0
0000
009a
0000
00c0
0000
015c
0000
04a2
0000
060e
0000
01a8
0000
02d4
0000
03c4
0000
042e
0000
0436
0000
043e
0000
049a
0000
041c
0000
0326
0000
02de
0000
03dc
0000
0682
0000
047c
0000
0350
0000
02b2
0000
020e
0000
0088
0000
0130
0000
04da
0000
0136
0000
00a2
0000
0090
0000
038a
0000
044a
0000
0430
0000
0410
0000
0416
0000
040a
0000
040e
0000
03e4
0000
03c6
0000
039c
0000
04ca
0000
05ca
0000
05a8
0000
0586
0000
0000
01da
0000
0186
0000
010a
0000
027e
0000
0480
0000
0506
0000
04f0
0000
0310
0000
0180
0000
023e
0000
02bc
0000
0376
0000
01ae
0000
0194
0000
0172
0000
0274
0000
01b0
0000
0058
0000
01b6
0000
0250
0000
02d6
0000
019e
0000
00be
0000
00be
0000
0126
0000
0374
0000
065c
0000
019e
0000
02a6
0000
0330
0000
03f8
0000
048a
0000
04aa
0000
049e
0000
049c
0000
03b8
0000
033e
0000
02d2
0000
0592
0000
056e
0000
0414
0000
0320
0000
02cc
0000
0104
0000
011e
0000
012c
0000
0336
0000
00bc
0000
00c0
0000
02d8
0000
03be
0000
0444
0000
0426
0000
0410
0000
0420
0000
03f8
0000
03f4
0000
03c6
0000
0374
0000
04bc
0000
05f6
0000
05cc
0000
05a1
0000
05bc
01b8
0000
01ac
0000
0154
0000
0108
0000
03a2
0000
04de
0000
050e
0000
041e
0000
01ca
0000
01c4
0000
0300
0000
03bc
0000
01fa
0000
013a
0000
01bc
0000
0262
0000
0270
0000
0082
0000
00ac
0000
01ec
0000
0206
0000
0240
0000
0108
0000
00a4
0000
00bc
0000
0314
0000
05f4
0000
01b0
0000
0244
0000
02be
0000
0388
0000
0442
0000
04c4
0000
04d2
0000
04bc
0000
0434
0000
038c
0000
02fa
0000
035c
0000
06a4
0000
049c
0000
037e
0000
02f4
0000
023e
0000
00c4
0000
0124
0000
0484
0000
009a
0000
0084
0000
0106
0000
0380
0000
0468
0000
0436
0000
042a
0000
041e
0000
0402
0000
03e2
0000
03d4
0000
0386
0000
04a6
0000
05ce
0000
05d0
0000
05a0
0000
05d2
0000
0000
018e
0000
0174
0000
00fa
0000
0270
0000
0472
0000
04f0
0000
04d4
0000
0316
0000
017c
0000
0244
0000
02e8
0000
031c
0000
0208
0000
01c4
0000
015e
0000
02cc
0000
00f4
0000
00b6
0000
00cc
0000
015e
0000
0046
0000
0350
0000
0022
0000
0060
0000
0370
0000
05b2
0000
0294
0000
0176
0000
02ac
0000
0318
0000
03b0
0000
0466
0000
04d0
0000
04c4
0000
0484
0000
03a6
0000
034c
0000
02d8
0000
0512
0000
059c
0000
0422
0000
0338
0000
02e2
0000
00ea
0000
00f6
0000
00b8
0000
040e
0000
0082
0000
00a4
0000
03a4
0000
046c
0000
043a
0000
0424
0000
040a
0000
03fe
0000
03f6
0000
03dc
0000
038c
0000
0442
0000
05de
0000
05c8
0000
05cc
0000
05ea
0000
0610
017c
0000
0154
0000
0144
0000
00f6
0000
03c0
0000
04cc
0000
04fc
0000
0410
0000
01be
0000
0256
0000
01f0
0000
02ec
0000
022a
0000
0222
0000
01d4
0000
022e
0000
0224
0000
00d0
0000
00bb
0000
010c
0000
00b6
0000
02bc
0000
02ea
0000
006a
0000
0238
0000
052e
0000
0390
0000
00cc
0000
025e
0000
02e2
0000
0354
0000
03d8
0000
0488
0000
04da
0000
0492
0000
03e4
0000
035c
0000
02d2
0000
0346
0000
069e
0000
0458
0000
03b6
0000
02f8
0000
01b0
0000
00c8
0000
012a
0000
043e
0000
017c
0000
010a
0000
0254
0000
03ec
0000
0456
0000
0442
0000
0402
0000
0400
0000
03ec
0000
03dc
0000
03b4
0000
03da
0000
05b6
0000
05b2
0000
05bc
0000
061e
0000
0630
0000
0000
014e
0000
0136
0000
00d0
0000
0262
0000
046a
0000
04d2
0000
04b6
0000
0316
0000
0156
0000
02c4
0000
02aa
0000
01f0
0000
0296
0000
01a4
0000
01b6
0000
0314
0000
00fe
0000
00f6
0000
0090
0000
0140
0000
0158
0000
03ac
0000
01e2
0000
00ac
0000
0372
0000
04ea
0000
0056
0000
015c
0000
02a4
0000
0300
0000
038c
0000
03fe
0000
0474
0000
048e
0000
0448
0000
0356
0000
02e8
0000
02bc
0000
046a
0000
0626
0000
03fc
0000
0342
0000
02ca
0000
0088
0000
0120
0000
005a
0000
040c
0000
006e
0000
00b2
0000
0390
0000
049e
0000
0444
0000
0424
0000
0406
0000
03e6
0000
03d2
0000
03c4
0000
0358
0000
05aa
0000
05c4
0000
05d4
0000
061e
0000
0646
0000
0620
018a
0000
0188
0000
0138
0000
00c8
0000
03a0
0000
04c4
0000
04d4
0000
0408
0000
019a
0000
0232
0000
0370
0000
02cc
0000
0222
0000
0206
0000
024a
0000
02cc
0000
028c
0000
00ec
0000
0084
0000
0134
0000
01d4
0000
030e
0000
0146
0000
0174
0000
0310
0000
05a2
0000
001a
0000
0100
0000
0212
0000
02d4
0000
032c
0000
03cc
0000
040c
0000
045c
0000
0454
0000
03b2
0000
02fe
0000
029a
0000
030a
0000
060c
0000
0448
0000
0390
0000
02f4
0000
010c
0000
0100
0000
0116
0000
035e
0000
028e
0000
00aa
0000
0390
0000
0448
0000
043a
0000
041a
0000
0425
0000
040e
0000
03ec
0000
03bc
0000
0388
0000
0532
0000
05be
0000
05bc
0000
0640
0000
0662
0000
0628
0000
0000
0180
0000
0148
0000
009a
0000
0246
0000
046e
0000
04d0
0000
04c6
0000
0314
0000
0148
0000
02e8
0000
029e
0000
018a
0000
0203
0000
0154
0000
0206
0000
0390
0000
0132
0000
00b0
0000
00ae
0000
0222
0000
0362
0000
012e
0000
004e
0000
0342
0000
0572
0000
000c
0000
00da
0000
0144
0000
0298
0000
02e2
0000
0368
0000
03b6
0000
03f6
0000
0434
0000
03f8
0000
02c8
0000
02cc
0000
02d2
0000
040c
0000
06c0
0000
03cc
0000
0322
0000
0268
0000
00a8
0000
016e
0000
0046
0000
043e
0000
0094
0000
021e
0000
03b6
0000
0456
0000
0422
0000
0428
0000
041a
0000
0408
0000
03ec
0000
03a0
0000
0498
0000
05de
0000
05c2
0000
0624
0000
0652
0000
064c
0000
063e
01a8
0000
016e
0000
00f8
0000
0090
0000
038a
0000
04aa
0000
04e6
0000
0424
0000
01e2
0000
0260
0000
026e
0000
01be
0000
0244
0000
0162
0000
015e
0000
0264
0000
02c4
0000
00d0
0000
00f4
0000
0176
0000
02d6
0000
00d2
0000
0042
0000
02de
0000
0456
0000
0276
0000
0070
0000
01c6
0000
0214
0000
02ca
0000
0304
0000
038e
0000
03ba
0000
0402
0000
041e
0000
0374
0000
02d8
0000
034a
0000
02d4
0000
0578
0000
040a
0000
0388
0000
02cc
0000
008a
0000
00f0
0000
00fc
0000
022a
0000
035e
0000
0076
0000
03c0
0000
045e
0000
0438
0000
040e
0000
0406
0000
0418
0000
03ee
0000
03b8
0000
03d6
0000
05d8
0000
05b6
0000
0622
0000
063e
0000
0628
0000
0668
0000
0000
0186
0000
0150
0000
00cc
0000
0278
0000
0470
0000
04c4
0000
04d2
0000
0318
0000
0196
0000
024a
0000
026a
0000
01d2
0000
0260
0000
019c
0000
00fa
0000
0300
0000
027e
0000
010c
0000
00ca
0000
00f8
0000
0216
0000
005a
0000
023c
0000
04dc
0000
028c
0000
006e
0000
00f4
0000
0176
0000
028c
0000
02dc
0000
0348
0000
03ae
0000
03ca
0000
0404
0000
03d8
0000
032e
0000
0242
0000
0226
0000
032c
0000
05c0
0000
03a6
0000
031c
0000
00b2
0000
00c4
0000
014a
0000
008e
0000
0484
0000
00de
0000
0382
0000
040e
0000
042e
0000
0404
0000
041b
0000
0400
0000
0404
0000
03e0
0000
0362
0000
05a0
0000
05d2
0000
060a
0000
063e
0000
0646
0000
0654
0000
063e
0198
0000
0164
0000
011c
0000
013c
0000
03d2
0000
04b2
0000
04da
0000
0436
0000
01fa
0000
0182
0000
0256
0000
01f0
0000
0222
0000
017e
0000
01a4
0000
0290
0000
03c6
0000
00a0
0000
018c
0000
0060
0000
0242
0000
0098
0000
01e6
0000
0408
0000
033a
0000
0043
0000
0088
0000
0244
0000
0222
0000
02a2
0000
02ee
0000
036a
0000
039b
0000
03d8
0000
03f4
0000
039e
0000
02b7
0000
0278
0000
01ea
0000
04dc
0000
03d8
0000
034a
0000
01a8
0000
00b8
0000
0118
0000
00e6
0000
0100
0000
0388
0000
0180
0000
03d2
0000
044e
0000
0424
0000
041c
0000
0414
0000
03f6
0000
03d8
0000
03ae
0000
04b6
0000
05d0
0000
05f6
0000
0650
0000
0658
0000
0670
0000
0646
0000
0000
0172
0000
0166
0000
014c
0000
0326
0000
0466
0000
04ba
0000
04da
0000
033a
0000
0156
0000
0202
0000
02dc
0000
01b4
0000
01ac
0000
0246
0000
01d8
0000
02ba
0000
033a
0000
00a8
0000
035a
0000
009a
0000
0186
0000
0368
0000
034c
0000
044a
0000
0002
0000
00d0
0000
0112
0000
01c0
0000
0294
0000
02ce
0000
0332
0000
036a
0000
03b2
0000
03f4
0000
0408
0000
0388
0000
031a
0000
032c
0000
046c
0000
049e
0000
037a
0000
0324
0000
00a6
0000
00f2
0000
0162
0000
00da
0000
045c
0000
0160
0000
03e4
0000
0452
0000
042c
0000
0412
0000
0405
0000
0402
0000
03e2
0000
03c8
0000
03ae
0000
05d2
0000
05f6
0000
0646
0000
0642
0000
0665
0000
0668
0000
0658
0170
0000
016a
0000
0110
0000
0222
0000
0406
0000
0484
0000
04e6
0000
044a
0000
01e2
0000
01b2
0000
02fe
0000
00da
0000
0262
0000
01fa
0000
01b4
0000
0264
0000
0318
0000
0318
0000
0240
0000
008a
0000
01dc
0000
03fc
0000
0310
0000
03ec
0000
006a
0000
0108
0000
00b6
0000
02b8
0000
026c
0000
02bd
0000
02ee
0000
0344
0000
037e
0000
03ce
0000
040a
0000
03de
0000
037c
0000
03e0
0000
0560
0000
05b6
0000
03c4
0000
033c
0000
00d0
0000
00ca
0000
0198
0000
010c
0000
0070
0000
03a6
0000
02fc
0000
03f6
0000
043e
0000
0418
0000
0400
0000
0400
0000
03f3
0000
03e2
0000
0386
0000
0558
0000
05c0
0000
065e
0000
0644
0000
064e
0000
066c
0000
0660
0000
0000
0162
0000
0152
0000
012e
0000
0346
0000
046c
0000
04be
0000
04e6
0000
0344
0000
0158
0000
0286
0000
030e
0000
01ea
0000
0218
0000
0116
0000
0186
0000
01cc
0000
034c
0000
02d8
0000
01a4
0000
0120
0000
046a
0000
03ac
0000
02f0
0000
00f8
0000
00b4
0000
013e
0000
00ce
0000
020c
0000
02a2
0000
02d0
0000
0328
0000
0348
0000
037a
0000
03b2
0000
03cc
0000
03a8
0000
03ba
0000
04de
0000
05ec
0000
046e
0000
0372
0000
00d0
0000
00c0
0000
013c
0000
015a
0000
00de
0000
0356
0000
0222
0000
03d6
0000
042c
0000
0426
0000
040e
0000
0402
0000
03e4
0000
03f0
0000
03b4
0000
0420
0000
05d8
0000
062e
0000
0650
0000
064c
0000
0660
0000
0670
0000
066c
0142
0000
012c
0000
0106
0000
01f8
0000
040e
0000
0496
0000
04ee
0000
0458
0000
01c2
0000
01d0
0000
030e
0000
0146
0000
02ba
0000
0144
0000
017a
0000
01e4
0000
01ba
0000
0342
0000
01ac
0000
0156
0000
0346
0000
04b2
0000
0308
0000
01fa
0000
00b2
0000
00b0
0000
00b6
0000
0244
0000
021c
0000
02c6
0000
02ec
0000
0350
0000
0324
0000
0368
0000
0396
0000
038c
0000
03a8
0000
0528
0000
0624
0000
0570
0000
0354
0000
0236
0000
00dc
0000
00da
0000
01a4
0000
0120
0000
005a
0000
03c6
0000
037c
0000
043e
0000
0438
0000
0404
0000
0414
0000
03f8
0000
03f2
0000
03bc
0000
036e
0000
058c
0000
0618
0000
0656
0000
065e
0000
0640
0000
0686
0000
0676
0000
0000
0106
0000
0120
0000
0142
0000
0332
0000
047c
0000
04cc
0000
04f2
0000
0348
0000
013c
0000
0254
0000
02b0
0000
01de
0000
00fa
0000
012e
0000
0218
0000
01f0
0000
01d4
0000
0354
0000
012c
0000
04b2
0000
048a
0000
0398
0000
0152
0000
01c2
0000
00a4
0000
0178
0000
008e
0000
01e8
0000
0288
0000
02e6
0000
0311
0000
032c
0000
0338
0000
032e
0000
0354
0000
0386
0000
0384
0000
0426
0000
0484
0000
0364
0000
03a0
0000
006e
0000
00b8
0000
0148
0000
017a
0000
00fa
0000
0262
0000
03c2
0000
03ca
0000
0443
0000
042c
0000
0402
0000
0408
0000
03f6
0000
03e8
0000
039a
0000
0466
0000
0610
0000
064c
0000
0654
0000
0660
0000
066c
0000
067f
0000
0676
00f4
0000
010c
0000
00f6
0000
0202
0000
0424
0000
04c2
0000
0502
0000
0432
0000
01a0
0000
020c
0000
027a
0000
00e8
0000
014c
0000
010e
0000
01b2
0000
0276
0000
01fc
0000
02a6
0000
01cc
0000
03fc
0000
0678
0000
02ca
0000
0286
0000
0096
0000
00b6
0000
00e6
0000
00f6
0000
01f8
0000
01ac
0000
02ba
0000
02c9
0000
030e
0000
035e
0000
02a8
0000
01f6
0000
0274
0000
0228
0000
021a
0000
024c
0000
01e4
0000
036e
0000
00c0
0000
00b4
0000
010a
0000
0190
0000
00fe
0000
006a
0000
03c2
0000
03bc
0000
044a
0000
0420
0000
041a
0000
0402
0000
0406
0000
03ea
0000
03ca
0000
0350
0000
05b8
0000
068a
0000
065a
0000
0648
0000
0666
0000
0692
0000
069c
0000
0000
00d6
0000
00f6
0000
0168
0000
0352
0000
0494
0000
04f0
0000
04ee
0000
0342
0000
01be
0000
0264
0000
025a
0000
00ac
0000
00fe
0000
014e
0000
03d8
0000
0258
0000
0290
0000
01cc
0000
0324
0000
05d4
0000
0296
0000
0270
0000
00cc
0000
00ce
0000
00a6
0000
010a
0000
008c
0000
01b8
0000
0248
0000
02ca
0000
02da
0000
032e
0000
0384
0000
02ac
0000
0246
0000
0278
0000
02ec
0000
03de
0000
03ac
0000
0334
0000
010a
0000
009e
0000
00ba
0000
0102
0000
019c
0000
00b8
0000
0172
0000
03de
0000
03f4
0000
044c
0000
0424
0000
0418
0000
0400
0000
03ee
0000
03ea
0000
0388
0000
04d4
0000
065e
0000
065e
0000
066c
0000
066c
0000
0680
0000
067e
0000
066e
00d6
0000
00f2
0000
00ea
0000
023c
0000
040c
0000
04d8
0000
050a
0000
048e
0000
02be
0000
0158
0000
02ce
0000
0234
0000
008c
0000
01d4
0000
0210
0000
01a8
0000
0284
0000
016e
0000
0392
0000
027e
0000
041a
0000
02fc
0000
00b2
0000
00c6
0000
00b0
0000
00f6
0000
0158
0000
0180
0000
0162
0000
0262
0000
02a8
0000
02f6
0000
0370
0000
0364
0000
02bc
0000
02a4
0000
0364
0000
044c
0000
0414
0000
0368
0000
0214
0000
00c2
0000
00b2
0000
00f8
0000
019a
0000
017e
0000
00a6
0000
0432
0000
03fe
0000
0450
0000
042c
0000
042a
0000
0428
0000
0402
0000
03f2
0000
03d2
0000
0358
0000
0634
0000
066e
0000
0664
0000
067a
0000
0690
0000
067e
0000
0634
0000
0000
00da
0000
00ee
0000
019c
0000
0324
0000
0474
0000
04fa
0000
04e8
0000
0342
0000
00f0
0000
02e4
0000
0138
0000
01a4
0000
011a
0000
0254
0000
0354
0000
01d2
0000
0242
0000
02bc
0000
03a6
0000
0344
0000
03d2
0000
006e
0000
00ee
0000
00d2
0000
00de
0000
0112
0000
00ba
0000
01a6
0000
01c0
0000
0262
0000
0298
0000
02e6
0000
035e
0000
033c
0000
02d4
0000
02b6
0000
0302
0000
0332
0000
0350
0000
02fe
0000
006e
0000
00d0
0000
00e2
0000
0140
0000
01a8
0000
018a
0000
0140
0000
03f0
0000
041c
0000
0452
0000
0434
0000
0428
0000
0412
0000
03f6
0000
03e4
0000
0372
0000
0536
0000
0694
0000
0678
0000
0684
0000
068c
0000
066e
0000
063e
0000
064a
00da
0000
00ae
0000
00da
0000
0208
0000
03d6
0000
04e8
0000
0502
0000
0448
0000
0146
0000
0350
0000
021a
0000
027c
0000
00bc
0000
013e
0000
044e
0000
030c
0000
01be
0000
0320
0000
02a2
0000
040e
0000
0432
0000
00e8
0000
00f2
0000
00ec
0000
00e1
0000
010c
0000
0138
0000
0144
0000
0128
0000
01ba
0000
025c
0000
02d6
0000
0318
0000
0352
0000
0326
0000
02ea
0000
02b0
0000
02a8
0000
0396
0000
035c
0000
00a8
0000
00c2
0000
00ee
0000
00c2
0000
0182
0000
0140
0000
00cc
0000
0454
0000
0400
0000
0454
0000
0436
0000
0430
0000
042e
0000
0412
0000
03f0
0000
03aa
0000
031a
0000
0698
0000
0694
0000
069c
0000
0696
0000
0636
0000
063a
0000
065a
0000
0000
00ba
0000
00aa
0000
024a
0000
02fa
0000
045a
0000
04ec
0000
04f2
0000
0346
0000
0116
0000
0238
0000
015a
0000
00fc
0000
01dc
0000
00d0
0000
02ee
0000
0300
0000
0216
0000
0316
0000
0254
0000
05c4
0000
0068
0000
00e4
0000
00fe
0000
00d4
0000
00c8
0000
010a
0000
00f6
0000
00f4
0000
0126
0000
0208
0000
0288
0000
02ec
0000
0334
0000
033a
0000
0340
0000
0396
0000
03e0
0000
03ee
0000
03c8
0000
00a4
0000
00a8
0000
00e6
0000
00d4
0000
0192
0000
01ca
0000
018c
0000
0120
0000
0436
0000
044a
0000
044c
0000
043a
0000
0448
0000
0422
0000
03fe
0000
03d0
0000
0350
0000
0574
0000
06a8
0000
0684
0000
0690
0000
066c
0000
066a
0000
0660
0000
0650
00ac
0000
00b6
0000
014e
0000
0244
0000
0394
0000
04da
0000
04e8
0000
045c
0000
01c6
0000
0250
0000
0202
0000
01fe
0000
0092
0000
00e6
0000
0336
0000
030a
0000
034c
0000
026a
0000
02be
0000
0368
0000
01da
0000
00e4
0000
00ec
0000
00f4
0000
00c0
0000
00d0
0000
00f2
0000
0100
0000
0114
0000
0128
0000
01c6
0000
0282
0000
0316
0000
0342
0000
0394
0000
03e8
0000
045c
0000
045e
0000
03da
0000
014a
0000
00c8
0000
00e6
0000
0106
0000
00ae
0000
01aa
0000
015c
0000
0118
0000
0482
0000
03e0
0000
0466
0000
0430
0000
0430
0000
042e
0000
0418
0000
03e4
0000
03a8
0000
0346
0000
06bc
0000
068a
0000
0676
0000
0684
0000
066a
0000
064e
0000
05e4
0000
0000
00b2
0000
00be
0000
0236
0000
0320
0000
045c
0000
04da
0000
04e0
0000
034a
0000
011a
0000
01c4
0000
016a
0000
00d2
0000
01ca
0000
011c
0000
0218
0000
02b6
0000
0320
0000
0358
0000
02d2
0000
021c
0000
00e4
0000
00de
0000
0116
0000
00d7
0000
00b8
0000
00c6
0000
010a
0000
00f6
0000
012c
0000
00a0
0000
01c2
0000
02be
0000
0314
0000
0374
0000
03e0
0000
047c
0000
0488
0000
0436
0000
034e
0000
0116
0000
00e6
0000
0144
0000
00fc
0000
01e8
0000
01d8
0000
0186
0000
00d4
0000
045e
0000
0418
0000
043e
0000
0428
0000
0428
0000
042e
0000
03e8
0000
03c8
0000
0342
0000
0608
0000
06a4
0000
067c
0000
0684
0000
0668
0000
0638
0000
0624
0000
071a
00ae
0000
009e
0000
011e
0000
024e
0000
03c2
0000
04c8
0000
04ec
0000
045c
0000
0140
0000
019e
0000
00b8
0000
01f0
0000
011e
0000
00ce
0000
034c
0000
00d4
0000
02cc
0000
0394
0000
03f8
0000
0264
0000
0104
0000
00d8
0000
0120
0000
00bc
0000
00d0
0000
00dc
0000
00dc
0000
00f8
0000
00f6
0000
00fe
0000
00a6
0000
017c
0000
026e
0000
0326
0000
0372
0000
0406
0000
0478
0000
0442
0000
033a
0000
0036
0000
0136
0000
0108
0000
00d0
0000
00e2
0000
01da
0000
0190
0000
016e
0000
048a
0000
03ee
0000
0406
0000
0424
0000
0426
0000
0414
0000
0410
0000
03ce
0000
038a
0000
03e0
0000
06e4
0000
065e
0000
0689
0000
0684
0000
062c
0000
05de
0000
039e
0000
0000
00a8
0000
0094
0000
01c2
0000
0310
0000
045e
0000
04ca
0000
04e0
0000
0310
0000
0300
0000
026a
0000
01a2
0000
0136
0000
010e
0000
0072
0000
0382
0000
0182
0000
02ec
0000
02f0
0000
0476
0000
02f8
0000
0058
0000
00ce
0000
0168
0000
012a
0000
00ca
0000
00c2
0000
00d6
0000
0100
0000
00e2
0000
0144
0000
00da
0000
017e
0000
022e
0000
02f0
0000
03a0
0000
0432
0000
0452
0000
03dc
0000
0264
0000
005e
0000
00f8
0000
0140
0000
00d6
0000
01fa
0000
01ec
0000
01b6
0000
0132
0000
0416
0000
02fe
0000
03a8
0000
03d6
0000
042c
0000
0412
0000
03e8
0000
03a4
0000
030e
0000
067c
0000
0678
0000
066a
0000
0662
0000
061e
0000
051c
0000
015e
0000
01f0
0094
0000
00aa
0000
00a0
0000
01c8
0000
03be
0000
04bc
0000
04c6
0000
03dc
0000
042a
0000
03ac
0000
00b4
0000
0164
0000
012e
0000
00ac
0000
02da
0000
02fa
0000
0134
0000
0394
0000
03a2
0000
02f8
0000
0326
0000
0076
0000
0144
0000
009c
0000
00d2
0000
00ca
0000
00b2
0000
00fe
0000
00f0
0000
00f8
0000
01d0
0000
02c0
0000
033e
0000
0368
0000
034e
0000
03d4
0000
041e
0000
0414
0000
0528
0000
0358
0000
0116
0000
010c
0000
00e6
0000
011a
0000
020c
0000
01dc
0000
016e
0000
046e
0000
02d8
0000
02b6
0000
0314
0000
0356
0000
03c8
0000
03e4
0000
03ce
0000
036a
0000
052e
0000
0676
0000
0656
0000
0654
0000
0606
0000
041c
0000
00c0
0000
010a
0000
0000
0110
0000
0066
0000
0130
0000
0270
0000
0456
0000
04b0
0000
04c8
0000
039c
0000
02c6
0000
0128
0000
00e0
0000
0164
0000
0168
0000
00c6
0000
036a
0000
01e8
0000
034e
0000
022e
0000
0344
0000
033e
0000
0272
0000
009c
0000
0164
0000
014e
0000
00bc
0000
00ca
0000
00ca
0000
0114
0000
00c4
0000
01a8
0000
02da
0000
0304
0000
031a
0000
035e
0000
03b8
0000
03aa
0000
03d4
0000
04e6
0000
05d4
0000
05d2
0000
01de
0000
00de
0000
00b6
0000
01e4
0000
01ee
0000
01c2
0000
01b0
0000
0380
0000
02e6
0000
02c6
0000
02b8
0000
02b2
0000
0324
0000
036e
0000
035e
0000
0304
0000
0678
0000
0650
0000
064f
0000
0622
0000
04a4
0000
0068
0000
0102
0000
01c8
028e
0000
012c
0000
00f4
0000
00f4
0000
0332
0000
0498
0000
04ac
0000
04cc
0000
0230
0000
0232
0000
008c
0000
014a
0000
00be
0000
01ce
0000
0148
0000
02c8
0000
0366
0000
02ba
0000
02b0
0000
02b0
0000
03d5
0000
01e2
0000
0124
0000
0100
0000
00c8
0000
00ca
0000
00d4
0000
00e6
0000
011e
0000
00c0
0000
021c
0000
02dc
0000
02e6
0000
0336
0000
0356
0000
0376
0000
0378
0000
043c
0000
0580
0000
05ea
0000
062c
0000
0454
0000
0076
0000
00e4
0000
01fa
0000
017a
0000
0174
0000
0454
0000
0370
0000
035c
0000
030c
0000
0294
0000
0258
0000
0282
0000
02b0
0000
02cc
0000
0552
0000
0630
0000
064e
0000
064e
0000
03f6
0000
00d4
0000
0126
0000
01be
0000
0000
0354
0000
01cc
0000
00fe
0000
0170
0000
0434
0000
04a6
0000
04be
0000
039e
0000
02d6
0000
0088
0000
0064
0000
0166
0000
019e
0000
01e2
0000
011a
0000
025e
0000
0202
0000
0254
0000
02c6
0000
03be
0000
0302
0000
020e
0000
011e
0000
0192
0000
00ca
0000
0100
0000
00c6
0000
0102
0000
0100
0000
0154
0000
028c
0000
02de
0000
02e4
0000
0360
0000
035c
0000
036e
0000
03fa
0000
0500
0000
0598
0000
05d8
0000
062a
0000
05de
0000
0092
0000
017e
0000
01b4
0000
014a
0000
022e
0000
03a4
0000
03d6
0000
038e
0000
0356
0000
02de
0000
0274
0000
01f2
0000
02ea
0000
01c0
0000
0654
0000
063a
0000
0644
0000
0494
0000
007e
0000
018c
0000
01c8
0000
01ca
0422
0000
03ba
0000
01fe
0000
00a2
0000
0308
0000
04a8
0000
04ac
0000
041a
0000
03dc
0000
01ca
0000
0088
0000
0172
0000
02ba
0000
024e
0000
01ca
0000
01a0
0000
01e4
0000
017a
0000
02d2
0000
03ba
0000
0286
0000
0308
0000
00c2
0000
0092
0000
00d4
0000
00cc
0000
010c
0000
00d8
0000
0140
0000
00d0
0000
0228
0000
02bc
0000
02e8
0000
032c
0000
0366
0000
034e
0000
03ce
0000
0496
0000
0558
0000
0596
0000
05de
0000
0614
0000
0650
0000
01e0
0000
01c0
0000
0154
0000
0108
0000
03f0
0000
03f4
0000
03d0
0000
03b4
0000
0376
0000
0312
0000
028e
0000
0294
0000
0250
0000
0564
0000
065a
0000
0656
0000
042c
0000
0104
0000
019e
0000
01e5
0000
01d6
0000
0000
03fe
0000
03ca
0000
01e6
0000
0178
0000
043a
0000
04c2
0000
04ca
0000
03a0
0000
031c
0000
00bc
0000
009c
0000
0156
0000
01e8
0000
0142
0000
0158
0000
026c
0000
012a
0000
0226
0000
0342
0000
0386
0000
0298
0000
02c4
0000
00c0
0000
0184
0000
00e2
0000
00f2
0000
0102
0000
014c
0000
01e6
0000
0134
0000
02b0
0000
02b8
0000
0328
0000
0362
0000
034a
0000
03a2
0000
043c
0000
04d0
0000
0544
0000
0580
0000
05e6
0000
0632
0000
06aa
0000
01ee
0000
0148
0000
0176
0000
02d0
0000
03da
0000
03f2
0000
03e4
0000
03ba
0000
038e
0000
033e
0000
02c6
0000
037a
0000
0336
0000
0668
0000
0676
0000
0596
0000
000a
0000
0216
0000
01de
0000
0248
0000
01e6
0358
0000
0464
0000
03fe
0000
00bc
0000
0320
0000
04dc
0000
04e6
0000
0440
0000
048a
0000
00b6
0000
00c6
0000
0118
0000
00c6
0000
0154
0000
00c8
0000
018e
0000
01f2
0000
015e
0000
0268
0000
03b8
0000
02d6
0000
0212
0000
018a
0000
00c4
0000
0108
0000
00f0
0000
013c
0000
00dc
0000
017c
0000
0138
0000
022c
0000
02da
0000
02fe
0000
034c
0000
034e
0000
036e
0000
03f4
0000
045a
0000
04ce
0000
0528
0000
0588
0000
05e8
0000
0644
0000
0690
0000
011e
0000
011c
0000
00d6
0000
03ae
0000
040a
0000
03e4
0000
03e0
0000
03bc
0000
0384
0000
0368
0000
0338
0000
02c4
0000
064e
0000
0682
0000
0606
0000
01ce
0000
01a0
0000
0206
0000
0267
0000
022a
0000
0000
02fe
0000
04b6
0000
032c
0000
0172
0000
0454
0000
04eb
0000
04dc
0000
03cc
0000
024a
0000
009a
0000
00f8
0000
011e
0000
008c
0000
0134
0000
0112
0000
01aa
0000
01c2
0000
01de
0000
02ba
0000
032c
0000
034c
0000
0228
0000
008c
0000
0158
0000
00e0
0000
00ec
0000
00fe
0000
0132
0000
02c8
0000
00aa
0000
027e
0000
031a
0000
0330
0000
034c
0000
0362
0000
03be
0000
0428
0000
0484
0000
04e2
0000
0548
0000
05b8
0000
0614
0000
0656
0000
068e
0000
0020
0000
00ea
0000
0394
0000
03fa
0000
03f0
0000
03ec
0000
03c6
0000
03b0
0000
0384
0000
0340
0000
035a
0000
0538
0000
0678
0000
066a
0000
0324
0000
0150
0000
020a
0000
0292
0000
0208
0000
025a
005c
0000
0404
0000
04d0
0000
00f2
0000
0340
0000
04f0
0000
04fa
0000
044e
0000
0340
0000
008a
0000
00be
0000
013c
0000
0094
0000
02e8
0000
00fc
0000
00e4
0000
0166
0000
0234
0000
0252
0000
02b4
0000
0478
0000
00da
0000
0500
0000
005c
0000
0126
0000
009c
0000
013e
0000
00be
0000
01d8
0000
0190
0000
0208
0000
02f0
0000
0314
0000
0342
0000
0358
0000
0398
0000
03ce
0000
0430
0000
049e
0000
04fc
0000
056c
0000
05ce
0000
0620
0000
0670
0000
058a
0000
00ba
0000
007e
0000
037c
0000
03f0
0000
03e0
0000
03ca
0000
03c0
0000
039e
0000
035c
0000
034e
0000
0454
0000
0690
0000
0680
0000
04c4
0000
01b0
0000
0214
0000
0262
0000
020a
0000
023e
0000
0000
013e
0000
04fc
0000
03e2
0000
00e2
0000
0450
0000
04ee
0000
04f6
0000
037a
0000
020c
0000
009a
0000
0125
0000
00da
0000
0142
0000
00be
0000
0052
0000
017c
0000
01b2
0000
02b0
0000
022a
0000
03b2
0000
02f0
0000
0250
0000
0042
0000
015a
0000
00be
0000
00c0
0000
00bc
0000
00c8
0000
024a
0000
0090
0000
02ba
0000
02f8
0000
032a
0000
034e
0000
0360
0000
03b8
0000
03fc
0000
0448
0000
04c4
0000
052a
0000
058c
0000
05f8
0000
0640
0000
06a0
0000
0356
0000
0078
0000
03fa
0000
0416
0000
03ec
0000
03dc
0000
03ba
0000
03a6
0000
037c
0000
031c
0000
04f4
0000
0622
0000
068c
0000
05ec
0000
018a
0000
01f8
0000
028e
0000
01f4
0000
0244
0000
0272
0050
0000
0384
0000
0506
0000
00e2
0000
0320
0000
04f6
0000
04e8
0000
0486
0000
035a
0000
00ca
0000
00ea
0000
00a6
0000
0048
0000
02d0
0000
014a
0000
00d4
0000
00e8
0000
01c6
0000
02b6
0000
01f4
0000
0404
0000
0130
0000
04f2
0000
0096
0000
017c
0000
00da
0000
010a
0000
00c8
0000
0230
0000
0210
0000
0218
0000
02f6
0000
0326
0000
0334
0000
033e
0000
039a
0000
03a8
0000
040a
0000
0478
0000
04e8
0000
055e
0000
05c0
0000
0622
0000
065e
0000
06d8
0000
00b8
0000
00ec
0000
03d2
0000
0402
0000
03e4
0000
03ca
0000
0392
0000
0376
0000
032c
0000
0510
0000
0620
0000
069c
0000
065c
0000
02a0
0000
01f0
0000
026e
0000
0232
0000
020b
0000
0252
0000
0000
00a8
0000
04d8
0000
03ea
0000
00d2
0000
045e
0000
0500
0000
0518
0000
03a8
0000
00f4
0000
00e8
0000
00a0
0000
0084
0000
02ac
0000
0068
0000
012c
0000
00ca
0000
00da
0000
01f8
0000
0188
0000
03e8
0000
0380
0000
0358
0000
0132
0000
011a
0000
00da
0000
00da
0000
009e
0000
01b4
0000
02a0
0000
00e0
0000
02b8
0000
0316
0000
0336
0000
032e
0000
0354
0000
0388
0000
03d8
0000
042a
0000
048c
0000
050a
0000
057a
0000
05f0
0000
0634
0000
066c
0000
06ea
0000
001e
0000
03c4
0000
03f4
0000
03ec
0000
03d0
0000
03b2
0000
0390
0000
033a
0000
0454
0000
0676
0000
067e
0000
0684
0000
040a
0000
01e8
0000
0256
0000
029a
0000
01f6
0000
0268
0000
024e
003a
0000
0304
0000
050e
0000
0126
0000
0310
0000
04ec
0000
04ec
0000
0462
0000
02d2
0000
00ea
0000
0096
0000
00cc
0000
0186
0000
01da
0000
00c0
0000
00b0
0000
00c6
0000
0140
0000
0218
0000
02e2
0000
03b8
0000
0466
0000
02fa
0000
00e0
0000
00f4
0000
00f0
0000
00c0
0000
0136
0000
02c2
0000
01fa
0000
022c
0000
0302
0000
0336
0000
0320
0000
033c
0000
0366
0000
03a2
0000
03f4
0000
044a
0000
04c0
0000
0534
0000
05a4
0000
0622
0000
0652
0000
067c
0000
0440
0000
01c6
0000
0416
0000
03ec
0000
03de
0000
03c0
0000
03a4
0000
035a
0000
0326
0000
06c2
0000
064e
0000
06b0
0000
050e
0000
0222
0000
01fe
0000
0298
0000
01fa
0000
0272
0000
024a
0000
0000
006c
0000
04c6
0000
0442
0000
00b4
0000
045a
0000
04e0
0000
04e6
0000
0390
0000
0124
0000
0096
0000
00bc
0000
00fc
0000
019e
0000
00b8
0000
014e
0000
008c
0000
00ce
0000
00e0
0000
027e
0000
03c0
0000
0248
0000
03e4
0000
024e
0000
00f6
0000
0160
0000
010e
0000
00f6
0000
02ca
0000
02d4
0000
0136
0000
02d2
0000
0318
0000
034c
0000
0336
0000
0338
0000
037e
0000
03bc
0000
0408
0000
045e
0000
04c8
0000
0564
0000
05d4
0000
061a
0000
0658
0000
0698
0000
0030
0000
03ae
0000
0404
0000
03da
0000
03c4
0000
03bc
0000
038a
0000
0336
0000
0574
0000
0654
0000
0696
0000
0604
0000
02ae
0000
0222
0000
0274
0000
01f6
0000
0258
0000
0232
0000
01d2
003c
0000
0282
0000
051e
0000
019e
0000
02ea
0000
04e6
0000
04f0
0000
0482
0000
0320
0000
00cc
0000
0094
0000
00de
0000
010c
0000
019e
0000
00d8
0000
00b2
0000
00f8
0000
0222
0000
00e2
0000
0342
0000
02e4
0000
00e2
0000
0114
0000
0254
0000
02ac
0000
00f4
0000
00bc
0000
01cc
0000
02ee
0000
0176
0000
0284
0000
0314
0000
0346
0000
0348
0000
0318
0000
034c
0000
0376
0000
03cc
0000
0424
0000
0488
0000
0508
0000
05a4
0000
05f8
0000
062c
0000
0668
0000
0688
0000
024c
0000
0406
0000
03da
0000
03ce
0000
03c2
0000
03ac
0000
0366
0000
0352
0000
06ac
0000
0636
0000
0680
0000
033e
0000
025e
0000
0212
0000
021a
0000
0206
0000
0250
0000
01e8
0000
0000
0064
0000
048a
0000
0478
0000
00d2
0000
0448
0000
04f0
0000
04fe
0000
03c0
0000
00ea
0000
00b6
0000
00a8
0000
00fa
0000
010c
0000
00f0
0000
00c0
0000
0096
0000
0180
0000
01aa
0000
02bd
0000
02d0
0000
02c2
0000
00b4
0000
00b0
0000
00fa
0000
017c
0000
00a4
0000
0174
0000
02ca
0000
0304
0000
01e6
0000
0306
0000
0340
0000
0346
0000
0332
0000
0332
0000
035e
0000
03aa
0000
03e8
0000
042e
0000
0498
0000
0536
0000
05b6
0000
060a
0000
0642
0000
066a
0000
032c
0000
03e6
0000
03ea
0000
03e2
0000
03cc
0000
03ce
0000
038a
0000
035c
0000
04de
0000
064a
0000
06a8
0000
04c8
0000
0292
0000
01f6
0000
0200
0000
01ec
0000
025f
0000
0228
0000
024c
0078
0000
01a2
0000
0502
0000
023e
0000
02d0
0000
04d8
0000
04f6
0000
047e
0000
0364
0000
00c8
0000
00e8
0000
0138
0000
00a8
0000
011c
0000
00d6
0000
00e4
0000
0102
0000
01e0
0000
0166
0000
041c
0000
01f4
0000
0302
0000
014c
0000
00c4
0000
00e6
0000
00ba
0000
0104
0000
0262
0000
02e6
0000
0136
0000
02ea
0000
0348
0000
036c
0000
034e
0000
0344
0000
033a
0000
0360
0000
03b2
0000
03fc
0000
045c
0000
04c6
0000
056c
0000
05dc
0000
0622
0000
0652
0000
0678
0000
02c4
0000
03ee
0000
03f8
0000
03ee
0000
03da
0000
03d6
0000
03a4
0000
038c
0000
043c
0000
0654
0000
061c
0000
029e
0000
0220
0000
01f4
0000
0198
0000
024e
0000
0210
0000
023c
0000
0000
005c
0000
0414
0000
0484
0000
0130
0000
042e
0000
04e8
0000
04f0
0000
039a
0000
01a6
0000
0086
0000
0144
0000
00a0
0000
013a
0000
011c
0000
0136
0000
00b6
0000
00f6
0000
0260
0000
010e
0000
0238
0000
017e
0000
035e
0000
0110
0000
00d0
0000
0096
0000
0098
0000
021c
0000
02d2
0000
01fc
0000
0274
0000
0332
0000
0358
0000
0362
0000
034c
0000
0330
0000
0348
0000
0394
0000
03cc
0000
0410
0000
0470
0000
04ee
0000
0594
0000
05ea
0000
063c
0000
065a
0000
0656
0000
02b8
0000
02b4
0000
039a
0000
0402
0000
03f2
0000
03d6
0000
03e2
0000
0382
0000
0512
0000
0692
0000
03ac
0000
0228
0000
01f2
0000
018c
0000
0276
0000
01e8
0000
0230
0000
01a4
0058
0000
0130
0000
0508
0000
02c8
0000
0292
0000
04c2
0000
04ea
0000
0488
0000
032c
0000
00fa
0000
00bc
0000
00be
0000
0108
0000
0110
0000
011a
0000
0078
0000
0100
0000
013e
0000
02cc
0000
00a6
0000
01ce
0000
0298
0000
00ba
0000
00cc
0000
00a2
0000
00ae
0000
019e
0000
028c
0000
0282
0000
01b2
0000
0316
0000
034a
0000
037a
0000
0361
0000
034a
0000
033a
0000
0364
0000
03a4
0000
03dc
0000
0432
0000
04b0
0000
051a
0000
05ac
0000
0616
0000
0658
0000
066e
0000
03fe
0000
0162
0000
0216
0000
02ee
0000
0380
0000
03d6
0000
041c
0000
03b0
0000
0386
0000
06c4
0000
04de
0000
021e
0000
01ec
0000
0192
0000
0248
0000
0222
0000
0254
0000
01ec
0000
0000
0000
0000
03fa
0000
04e6
0000
0116
0000
040a
0000
04e4
0000
0508
0000
03c2
0000
01e0
0000
00b8
0000
00b2
0000
00f0
0000
0138
0000
0178
0000
00c6
0000
00a4
0000
00be
0000
0290
0000
0286
0000
00f6
0000
01b6
0000
011e
0000
00a2
0000
00ae
0000
0052
0000
0162
0000
02aa
0000
031e
0000
005e
0000
033a
0000
032e
0000
0356
0000
0374
0000
0362
0000
033e
0000
0334
0000
0372
0000
03b0
0000
03e8
0000
0452
0000
04b4
0000
0564
0000
05de
0000
0632
0000
0664
0000
069a
0000
0144
0000
0192
0000
01a2
0000
0200
0000
0256
0000
0334
0000
03e6
0000
0386
0000
05fa
0000
0606
0000
0266
0000
0156
0000
01be
0000
01fa
0000
0212
0000
0218
0000
0232
0000
00d8
0078
0000
00c8
0000
0538
0000
03be
0000
0274
0000
04ac
0000
04ec
0000
04b4
0000
028c
0000
0102
0000
00aa
0000
0102
0000
0124
0000
0132
0000
0128
0000
00c4
0000
00b0
0000
011c
0000
0364
0000
0310
0000
01ea
0000
0088
0000
00cc
0000
00ba
0000
0084
0000
0112
0000
0252
0000
02c8
0000
010c
0000
02ba
0000
0328
0000
034e
0000
0354
0000
036e
0000
0347
0000
032a
0000
0346
0000
037e
0000
03c4
0000
0416
0000
046c
0000
04f4
0000
0586
0000
05f6
0000
0640
0000
066a
0000
05ec
0000
0208
0000
01f0
0000
0176
0000
012c
0000
013a
0000
0296
0000
045c
0000
049c
0000
06b2
0000
02b8
0000
0142
0000
018a
0000
0208
0000
022e
0000
01f4
0000
026c
0000
011c
0000
0000
015a
0000
03bc
0000
0554
0000
016e
0000
03f4
0000
04e6
0000
0522
0000
0366
0000
01c0
0000
00e6
0000
00e2
0000
00d2
0000
00d6
0000
012e
0000
0132
0000
00b0
0000
00c4
0000
00d6
0000
0390
0000
02be
0000
0270
0000
00b0
0000
0098
0000
0068
0000
00c2
0000
022e
0000
0330
0000
00d2
0000
01fa
0000
0328
0000
0338
0000
034c
0000
035a
0000
036a
0000
034c
0000
0332
0000
0352
0000
0386
0000
03c2
0000
041e
0000
048a
0000
0512
0000
05b4
0000
0614
0000
0644
0000
0670
0000
0292
0000
0252
0000
0234
0000
01aa
0000
00bc
0000
0040
0000
046e
0000
04ae
0000
068e
0000
0436
0000
00b8
0000
017a
0000
01f0
0000
0242
0000
01c8
0000
0298
0000
01b4
0000
00de
0242
0000
01fa
0000
052a
0000
045c
0000
0276
0000
04b0
0000
04ec
0000
04ba
0000
02ca
0000
00a4
0000
00e0
0000
00b8
0000
00dc
0000
0102
0000
0128
0000
00e8
0000
00a4
0000
011c
0000
00e2
0000
032e
0000
0382
0000
00a6
0000
009e
0000
0084
0000
00a0
0000
01c0
0000
02a8
0000
0178
0000
01ca
0000
02fe
0000
0334
0000
033e
0000
0340
0000
037a
0000
0364
0000
0344
0000
0344
0000
0358
0000
03a4
0000
03e8
0000
0442
0000
049e
0000
053e
0000
05ce
0000
062a
0000
0658
0000
068a
0000
0204
0000
028e
0000
0238
0000
018a
0000
00c4
0000
0122
0000
05e8
0000
05d6
0000
045c
0000
010e
0000
013c
0000
01d8
0000
0258
0000
01a6
0000
0264
0000
022e
0000
011a
0000
0000
0288
0000
03d6
0000
0568
0000
0226
0000
03ee
0000
04f2
0000
053c
0000
02d6
0000
01a6
0000
00d0
0000
00b0
0000
00fa
0000
00bc
0000
0106
0000
013c
0000
009e
0000
0120
0000
0128
0000
0166
0000
030c
0000
0204
0000
0094
0000
007e
0000
0086
0000
0172
0000
02ce
0000
00dc
0000
0160
0000
032c
0000
0328
0000
0354
0000
0340
0000
035a
0000
036e
0000
0360
0000
0354
0000
0358
0000
036c
0000
03a2
0000
03fc
0000
0466
0000
04c4
0000
056c
0000
05e8
0000
0632
0000
0668
0000
0570
0000
0264
0000
0298
0000
0228
0000
0196
0000
00f0
0000
0526
0000
0606
0000
04c8
0000
0060
0000
012c
0000
01ac
0000
027a
0000
0176
0000
0224
0000
0282
0000
01aa
0000
0142
0194
0000
02e2
0000
0524
0000
049a
0000
0276
0000
04be
0000
0506
0000
04c8
0000
02ba
0000
00c0
0000
00de
0000
00d6
0000
00d0
0000
00d4
0000
0134
0000
0158
0000
00e6
0000
01bc
0000
0162
0000
01aa
0000
0220
0000
009a
0000
00ac
0000
0082
0000
0136
0000
01de
0000
0108
0000
01be
0000
02d0
0000
0306
0000
0336
0000
0350
0000
0358
0000
0374
0000
0378
0000
0366
0000
0376
0000
035a
0000
0386
0000
03b8
0000
0418
0000
0466
0000
04ee
0000
0590
0000
0612
0000
064e
0000
0674
0000
0222
0000
0258
0000
0268
0000
0226
0000
01c6
0000
01d8
0000
065a
0000
0378
0000
0140
0000
0120
0000
0192
0000
0280
0000
0176
0000
01da
0000
02c0
0000
01e4
0000
0156
0000
0000
0234
0000
0368
0000
052c
0000
0290
0000
03cc
0000
04f0
0000
052e
0000
0360
0000
00dc
0000
00e0
0000
0108
0000
00de
0000
00c0
0000
01e6
0000
01b2
0000
012e
0000
00de
0000
013c
0000
0142
0000
0326
0000
0168
0000
00c6
0000
0076
0000
0094
0000
00e8
0000
00d8
0000
0280
0000
02cc
0000
02ec
0000
0328
0000
0340
0000
0348
0000
0358
0000
037c
0000
0396
0000
0372
0000
0362
0000
036a
0000
0390
0000
03d6
0000
043a
0000
048c
0000
0532
0000
05b4
0000
0618
0000
0658
0000
068c
0000
01f4
0000
0268
0000
0288
0000
0232
0000
01ea
0000
0402
0000
03fa
0000
0100
0000
0160
0000
018e
0000
02a0
0000
0182
0000
019c
0000
02ec
0000
024e
0000
012a
0000
0118
00ec
0000
020c
0000
0498
0000
04ae
0000
027a
0000
04b2
0000
0510
0000
04ce
0000
018a
0000
00aa
0000
00cc
0000
0102
0000
0122
0000
00f8
0000
00d6
0000
02c6
0000
0062
0000
015a
0000
013a
0000
0230
0000
0244
0000
0092
0000
00a6
0000
00aa
0000
010e
0000
01be
0000
027a
0000
02d0
0000
02f0
0000
02ec
0000
0334
0000
0332
0000
0356
0000
0366
0000
039e
0000
0386
0000
0370
0000
036e
0000
0366
0000
03b4
0000
03f6
0000
0454
0000
04d0
0000
0552
0000
05cc
0000
062c
0000
0666
0000
049e
0000
022a
0000
029a
0000
029e
0000
02b8
0000
02a2
0000
028c
0000
01c8
0000
01ae
0000
017a
0000
0286
0000
01a2
0000
0138
0000
02b8
0000
02c0
0000
0150
0000
011c
0000
0000
00fe
0000
0276
0000
058c
0000
0352
0000
03bc
0000
04f8
0000
0536
0000
0320
0000
00c8
0000
00d4
0000
0122
0000
0104
0000
00c8
0000
0232
0000
013c
0000
02fa
0000
01a2
0000
0064
0000
01ca
0000
0284
0000
0114
0000
00ac
0000
0068
0000
015f
0000
024a
0000
02a4
0000
02d4
0000
02f0
0000
02ea
0000
0312
0000
0332
0000
0334
0000
035c
0000
0364
0000
0388
0000
0386
0000
037e
0000
037c
0000
038c
0000
03c8
0000
0416
0000
047a
0000
050a
0000
0570
0000
05e8
0000
0646
0000
0668
0000
0198
0000
0250
0000
02b6
0000
02ca
0000
02ca
0000
0288
0000
020c
0000
025e
0000
01b0
0000
022e
0000
01a8
0000
0144
0000
02b6
0000
02ec
0000
01ca
0000
010c
0000
0080
0100
0000
0142
0000
0530
0000
05ba
0000
02a8
0000
04a6
0000
051c
0000
04c6
0000
0128
0000
00c2
0000
00e2
0000
0114
0000
014a
0000
01e4
0000
00a4
0000
020e
0000
01c8
0000
029a
0000
0110
0000
0136
0000
0266
0000
0082
0000
00a6
0000
014a
0000
0250
0000
0282
0000
02c6
0000
02da
0000
02fc
0000
0306
0000
0328
0000
0322
0000
034a
0000
0352
0000
0380
0000
0396
0000
0396
0000
03a0
0000
039e
0000
03b4
0000
03d0
0000
0436
0000
0490
0000
0506
0000
0598
0000
0604
0000
0644
0000
065a
0000
01ac
0000
0286
0000
02f8
0000
02e2
0000
02a2
0000
0266
0000
027e
0000
0202
0000
022a
0000
01a2
0000
0176
0000
025e
0000
0320
0000
01e4
0000
00f0
0000
013c
0000
0000
0138
0000
0276
0000
0672
0000
0514
0000
03b2
0000
04f0
0000
055e
0000
031c
0000
0148
0000
00de
0000
0124
0000
0140
0000
00f0
0000
0144
0000
012e
0000
02ee
0000
016c
0000
01ac
0000
0182
0000
019a
0000
0270
0000
0152
0000
0156
0000
0240
0000
0298
0000
02b2
0000
02dc
0000
02e6
0000
030c
0000
031a
0000
032a
0000
033a
0000
0350
0000
0362
0000
0384
0000
038e
0000
03a6
0000
03b6
0000
03b0
0000
03de
0000
0414
0000
0466
0000
04bc
0000
0544
0000
05ba
0000
061c
0000
068e
0000
03e2
0000
01c6
0000
028a
0000
02fc
0000
02f8
0000
0280
0000
030a
0000
0264
0000
0202
0000
01ba
0000
0196
0000
0252
0000
0360
0000
0220
0000
00bc
0000
00c0
0000
02b0
0190
0000
01c6
0000
052c
0000
0582
0000
02d2
0000
0480
0000
0526
0000
040a
0000
0216
0000
0094
0000
0130
0000
016c
0000
010e
0000
0214
0000
0100
0000
01ae
0000
01d2
0000
0232
0000
01da
0000
012a
0000
01d9
0000
01e2
0000
010e
0000
01e0
0000
0264
0000
02a6
0000
02d0
0000
02f6
0000
02e4
0000
0306
0000
0304
0000
0304
0000
030e
0000
033c
0000
0368
0000
0382
0000
0386
0000
03a6
0000
03b2
0000
03be
0000
03e8
0000
043a
0000
0484
0000
04e6
0000
057e
0000
05e0
0000
0630
0000
05f8
0000
02fe
0000
025e
0000
02d6
0000
02f4
0000
02ae
0000
02e2
0000
02a0
0000
01c8
0000
01be
0000
01f8
0000
01f8
0000
03aa
0000
02e6
0000
01a6
0000
00ca
0000
020c
0000
